 183.00  1.0000E-003
 183.50  1.0000E-003
 184.00  1.0000E-003
 184.50  1.0000E-003
 185.00  1.0000E-003
 185.50  1.0000E-003
 186.00  1.0000E-003
 186.50  1.0000E-003
 187.00  1.0000E-003
 187.50  1.0000E-003
 188.00  1.0000E-003
 188.50  1.0000E-003
 189.00  3.5496E+001
 189.50  8.9191E+000
 190.00  1.1846E+001
 190.50  1.3789E+001
 191.00  1.7310E+001
 191.50  2.2431E+001
 192.00  2.8304E+001
 192.50  3.1783E+001
 193.00  3.2942E+001
 193.50  3.2386E+001
 194.00  3.3036E+001
 194.50  3.2496E+001
 195.00  3.5440E+001
 195.50  3.9492E+001
 196.00  4.0783E+001
 196.50  4.1141E+001
 197.00  3.9986E+001
 197.50  3.9443E+001
 198.00  3.4324E+001
 198.50  2.9473E+001
 199.00  2.5736E+001
 199.50  1.7689E+001
 200.00  1.1186E+001
 200.50  9.0423E+000
 201.00  5.7177E+000
 201.50  2.1786E+000
 202.00  4.0499E+000
 202.50  7.4714E+000
 203.00  8.9253E+000
 203.50  1.0274E+001
 204.00  1.2280E+001
 204.50  1.0028E+001
 205.00  1.0236E+001
 205.50  1.0630E+001
 206.00  1.2846E+001
 206.50  1.6483E+001
 207.00  1.9485E+001
 207.50  2.1493E+001
 208.00  2.2980E+001
 208.50  2.5442E+001
 209.00  2.8873E+001
 209.50  3.0393E+001
 210.00  3.5394E+001
 210.50  3.2181E+001
 211.00  3.0575E+001
 211.50  2.7916E+001
 212.00  2.6873E+001
 212.50  3.1970E+001
 213.00  3.2683E+001
 213.50  3.4353E+001
 214.00  2.8979E+001
 214.50  2.0919E+001
 215.00  1.3767E+001
 215.50  8.4306E+000
 216.00  9.2962E+000
 216.50  1.2768E+001
 217.00  1.7804E+001
 217.50  2.5301E+001
 218.00  2.9731E+001
 218.50  3.0776E+001
 219.00  3.1662E+001
 219.50  2.9868E+001
 220.00  2.9332E+001
 220.50  3.1130E+001
 221.00  3.2559E+001
 221.50  3.6545E+001
 222.00  3.7295E+001
 222.50  3.8461E+001
 223.00  3.6770E+001
 223.50  3.3274E+001
 224.00  3.7182E+001
 224.50  3.8782E+001
 225.00  4.3406E+001
 225.50  4.8581E+001
 226.00  5.0020E+001
 226.50  5.0276E+001
 227.00  5.0566E+001
 227.50  5.0421E+001
 228.00  5.4081E+001
 228.50  5.6509E+001
 229.00  6.0806E+001
 229.50  6.5489E+001
 230.00  6.2275E+001
 230.50  5.5252E+001
 231.00  5.0372E+001
 231.50  4.4407E+001
 232.00  4.0506E+001
 232.50  3.9233E+001
 233.00  3.6479E+001
 233.50  3.5819E+001
 234.00  3.5452E+001
 234.50  3.6982E+001
 235.00  3.8569E+001
 235.50  3.6290E+001
 236.00  3.3480E+001
 236.50  2.8724E+001
 237.00  2.7041E+001
 237.50  2.8154E+001
 238.00  3.1506E+001
 238.50  3.1481E+001
 239.00  2.8869E+001
 239.50  2.4589E+001
 240.00  2.1006E+001
 240.50  2.0488E+001
 241.00  2.1038E+001
 241.50  2.1403E+001
 242.00  2.2093E+001
 242.50  2.0491E+001
 243.00  2.1190E+001
 243.50  1.7055E+001
 244.00  7.2541E+000
 244.50  2.8221E+000
 245.00  -9.7088E-001
 245.50  -6.1670E+000
 246.00  -3.6224E+000
 246.50  -2.0256E+000
 247.00  -3.8495E+000
 247.50  2.3970E+000
 248.00  8.1778E+000
 248.50  1.3306E+001
 249.00  1.8469E+001
 249.50  1.9181E+001
 250.00  1.8362E+001
 250.50  1.7059E+001
 251.00  1.3704E+001
 251.50  1.0578E+001
 252.00  9.2674E+000
 252.50  1.8307E+000
 253.00  -1.8700E+000
 253.50  -4.6355E-001
 254.00  9.1059E-001
 254.50  3.6731E+000
 255.00  6.9436E+000
 255.50  6.7078E+000
 256.00  7.4227E+000
 256.50  1.0500E+001
 257.00  1.5375E+001
 257.50  1.9094E+001
 258.00  2.3859E+001
 258.50  2.7946E+001
 259.00  2.7941E+001
 259.50  2.8270E+001
 260.00  2.3921E+001
 260.50  1.8443E+001
 261.00  1.6282E+001
 261.50  1.5491E+001
 262.00  1.9293E+001
 262.50  2.0259E+001
 263.00  2.0409E+001
 263.50  2.0213E+001
 264.00  1.8730E+001
 264.50  1.9012E+001
 265.00  1.9369E+001
 265.50  1.8467E+001
 266.00  1.8450E+001
 266.50  1.6299E+001
 267.00  1.7142E+001
 267.50  1.6797E+001
 268.00  1.4889E+001
 268.50  1.5276E+001
 269.00  1.4161E+001
 269.50  1.1720E+001
 270.00  1.2862E+001
 270.50  1.1038E+001
 271.00  1.1609E+001
 271.50  1.0649E+001
 272.00  9.1542E+000
 272.50  7.6085E+000
 273.00  5.2665E+000
 273.50  5.3030E+000
 274.00  8.2663E+000
 274.50  9.4165E+000
 275.00  9.7447E+000
 275.50  8.7097E+000
 276.00  7.3239E+000
 276.50  6.2627E+000
 277.00  6.1458E+000
 277.50  5.1187E+000
 278.00  2.6130E+000
 278.50  4.7365E-001
 279.00  2.8498E-001
 279.50  6.5439E-001
 280.00  3.1915E+000
 280.50  8.6119E+000
 281.00  1.3142E+001
 281.50  1.7864E+001
 282.00  2.1180E+001
 282.50  2.1655E+001
 283.00  1.7022E+001
 283.50  1.5877E+001
 284.00  1.6174E+001
 284.50  1.8553E+001
 285.00  1.9960E+001
 285.50  1.7315E+001
 286.00  1.1251E+001
 286.50  7.8391E+000
 287.00  4.9325E+000
 287.50  5.3308E+000
 288.00  9.2523E+000
 288.50  9.3678E+000
 289.00  1.0649E+001
 289.50  1.3013E+001
 290.00  1.4877E+001
 290.50  1.8303E+001
 291.00  2.0843E+001
 291.50  2.4643E+001
 292.00  2.6400E+001
 292.50  2.5026E+001
 293.00  2.2456E+001
 293.50  1.8946E+001
 294.00  1.8869E+001
 294.50  2.1422E+001
 295.00  2.2472E+001
 295.50  2.5951E+001
 296.00  2.8343E+001
 296.50  2.9163E+001
 297.00  3.1748E+001
 297.50  3.2688E+001
 298.00  3.1910E+001
 298.50  3.0808E+001
 299.00  2.9921E+001
 299.50  2.7804E+001
 300.00  2.7266E+001
 300.50  2.1715E+001
 301.00  1.7624E+001
 301.50  1.3742E+001
 302.00  1.3377E+001
 302.50  1.3678E+001
 303.00  1.3149E+001
 303.50  1.4862E+001
 304.00  1.5701E+001
 304.50  1.4832E+001
 305.00  1.5921E+001
 305.50  1.5474E+001
 306.00  1.5119E+001
 306.50  1.5010E+001
 307.00  1.2276E+001
 307.50  1.0900E+001
 308.00  9.8890E+000
 308.50  7.2662E+000
 309.00  5.3644E+000
 309.50  4.0980E+000
 310.00  2.5648E+000
 310.50  1.0201E+000
 311.00  4.1728E-001
 311.50  1.0810E+000
 312.00  1.5112E+000
 312.50  3.3873E+000
 313.00  4.3558E+000
 313.50  2.6553E+000
 314.00  3.6770E+000
 314.50  2.6054E+000
 315.00  8.1348E-001
 315.50  3.0805E-001
 316.00  -3.4202E+000
 316.50  -8.0771E+000
 317.00  -1.0685E+001
 317.50  -1.4257E+001
 318.00  -1.5201E+001
 318.50  -1.1354E+001
 319.00  -8.4534E+000
 319.50  -6.5527E+000
 320.00  -1.8136E+000
 320.50  -2.4377E-001
 321.00  -7.4921E-001
 321.50  1.5383E+000
 322.00  3.4713E+000
 322.50  3.9657E+000
 323.00  6.3147E+000
 323.50  5.7484E+000
 324.00  5.5841E+000
 324.50  5.8250E+000
 325.00  5.1097E+000
 325.50  5.0432E+000
 326.00  4.3926E+000
 326.50  4.7736E+000
 327.00  5.7917E+000
 327.50  7.2027E+000
 328.00  9.2983E+000
 328.50  9.1160E+000
 329.00  8.1853E+000
 329.50  5.8067E+000
 330.00  3.7461E+000
 330.50  4.5218E-001
 331.00  -1.9083E+000
 331.50  -3.5199E+000
 332.00  -5.0749E+000
 332.50  -3.8659E+000
 333.00  -2.8646E+000
 333.50  -7.8354E-001
 334.00  1.5679E+000
 334.50  3.8170E+000
 335.00  5.8768E+000
 335.50  5.0072E+000
 336.00  2.7910E+000
 336.50  -8.2853E-002
 337.00  -2.6223E+000
 337.50  -2.7441E+000
 338.00  -2.0284E+000
 338.50  3.2099E-001
 339.00  2.7197E+000
 339.50  4.0227E+000
 340.00  6.1651E+000
 340.50  7.2032E+000
 341.00  7.6197E+000
 341.50  6.7005E+000
 342.00  4.4992E+000
 342.50  3.5986E+000
 343.00  2.8681E+000
 343.50  3.2394E+000
 344.00  4.6519E+000
 344.50  5.4316E+000
 345.00  5.5572E+000
 345.50  5.2010E+000
 346.00  5.4290E+000
 346.50  4.3423E+000
 347.00  4.2834E+000
 347.50  4.8944E+000
 348.00  5.8397E+000
 348.50  6.8534E+000
 349.00  7.1372E+000
 349.50  6.5388E+000
 350.00  6.2124E+000
 350.50  4.8921E+000
 351.00  5.5715E+000
 351.50  6.8270E+000
 352.00  7.3098E+000
 352.50  8.9250E+000
 353.00  9.2915E+000
 353.50  8.5364E+000
 354.00  8.1307E+000
 354.50  7.7197E+000
 355.00  6.8518E+000
 355.50  6.3868E+000
 356.00  6.0852E+000
 356.50  4.7939E+000
 357.00  3.6074E+000
 357.50  3.6335E+000
 358.00  3.9269E+000
 358.50  5.5253E+000
 359.00  6.9939E+000
 359.50  7.4859E+000
 360.00  6.9991E+000
 360.50  5.6401E+000
 361.00  3.2937E+000
 361.50  2.0525E+000
 362.00  1.3639E+000
 362.50  1.1862E+000
 363.00  2.5802E+000
 363.50  3.9085E+000
 364.00  3.9320E+000
 364.50  4.2630E+000
 365.00  3.5383E+000
 365.50  2.2672E+000
 366.00  2.3986E+000
 366.50  2.3001E+000
 367.00  2.3895E+000
 367.50  2.5296E+000
 368.00  2.4857E+000
 368.50  2.3369E+000
 369.00  1.9367E+000
 369.50  1.9817E+000
 370.00  1.8764E+000
 370.50  1.7784E+000
 371.00  1.9029E+000
 371.50  1.9533E+000
 372.00  2.1432E+000
 372.50  2.2187E+000
 373.00  2.0198E+000
 373.50  2.0040E+000
 374.00  1.7095E+000
 374.50  1.3109E+000
 375.00  1.0656E+000
 375.50  8.8041E-001
 376.00  9.4599E-001
 376.50  1.2447E+000
 377.00  1.7431E+000
 377.50  2.1473E+000
 378.00  2.4884E+000
 378.50  2.6049E+000
 379.00  2.5924E+000
 379.50  2.5658E+000
 380.00  2.3712E+000
 380.50  2.4349E+000
 381.00  2.5633E+000
 381.50  2.3998E+000
 382.00  2.2861E+000
 382.50  1.9393E+000
 383.00  1.4936E+000
 383.50  1.3697E+000
 384.00  1.2548E+000
 384.50  1.5396E+000
 385.00  1.6105E+000
 385.50  1.5165E+000
 386.00  1.3547E+000
 386.50  1.1067E+000
 387.00  9.9605E-001
 387.50  9.5535E-001
 388.00  9.2106E-001
 388.50  9.2278E-001
 389.00  8.9811E-001
 389.50  9.5405E-001
 390.00  9.8651E-001
 390.50  1.0751E+000
 391.00  1.2105E+000
 391.50  1.2639E+000
 392.00  1.3945E+000
 392.50  1.3842E+000
 393.00  1.3054E+000
 393.50  1.1520E+000
 394.00  9.9768E-001
 394.50  9.8709E-001
 395.00  8.2184E-001
 395.50  8.4963E-001
 396.00  8.1453E-001
 396.50  7.5820E-001
 397.00  9.3974E-001
 397.50  1.0232E+000
 398.00  9.9716E-001
 398.50  9.7052E-001
 399.00  8.7269E-001
 399.50  7.7617E-001
 400.00  8.4729E-001
 400.50  9.5611E-001
 401.00  9.7073E-001
 401.50  9.3076E-001
 402.00  8.9077E-001
 402.50  7.7980E-001
 403.00  6.6144E-001
 403.50  6.1463E-001
 404.00  4.3960E-001
 404.50  3.1839E-001
 405.00  2.6331E-001
 405.50  2.2690E-001
 406.00  2.9009E-001
 406.50  4.6621E-001
 407.00  6.6189E-001
 407.50  8.5278E-001
 408.00  9.9245E-001
 408.50  1.0415E+000
 409.00  1.0265E+000
 409.50  9.6771E-001
 410.00  8.5218E-001
 410.50  8.1383E-001
 411.00  8.7655E-001
 411.50  1.0001E+000
 412.00  1.1535E+000
 412.50  1.2563E+000
 413.00  1.2807E+000
 413.50  1.1700E+000
 414.00  1.1448E+000
 414.50  1.2300E+000
 415.00  1.2810E+000
 415.50  1.4291E+000
 416.00  1.4832E+000
 416.50  1.3894E+000
 417.00  1.3423E+000
 417.50  1.2353E+000
 418.00  1.1312E+000
 418.50  1.1550E+000
 419.00  1.1821E+000
 419.50  1.1931E+000
 420.00  1.1791E+000
 420.50  1.1697E+000
 421.00  1.1349E+000
 421.50  1.1387E+000
 422.00  1.1098E+000
 422.50  1.0840E+000
 423.00  1.0521E+000
 423.50  1.0468E+000
 424.00  1.0252E+000
 424.50  1.0556E+000
 425.00  1.0758E+000
 425.50  1.0173E+000
 426.00  9.5374E-001
 426.50  9.2343E-001
 427.00  8.8367E-001
 427.50  8.3309E-001
 428.00  7.5717E-001
 428.50  6.6851E-001
 429.00  5.3946E-001
 429.50  4.7314E-001
 430.00  5.2747E-001
 430.50  6.2467E-001
 431.00  7.4753E-001
 431.50  8.1293E-001
 432.00  7.9748E-001
 432.50  7.8258E-001
 433.00  7.7279E-001
 433.50  7.8775E-001
 434.00  8.5740E-001
 434.50  9.3320E-001
 435.00  9.8326E-001
 435.50  1.0210E+000
 436.00  1.0195E+000
 436.50  9.9136E-001
 437.00  9.7799E-001
 437.50  9.5219E-001
 438.00  9.1379E-001
 438.50  8.6878E-001
 439.00  7.8927E-001
 439.50  7.3024E-001
 440.00  6.6080E-001
 440.50  6.0407E-001
 441.00  5.6987E-001
 441.50  5.3222E-001
 442.00  4.8455E-001
 442.50  4.2772E-001
 443.00  3.9948E-001
 443.50  3.6352E-001
 444.00  3.1271E-001
 444.50  3.4025E-001
 445.00  3.9080E-001
 445.50  3.9950E-001
 446.00  4.3289E-001
 446.50  4.3793E-001
 447.00  4.1095E-001
 447.50  4.2145E-001
 448.00  4.6414E-001
 448.50  4.3379E-001
 449.00  4.2352E-001
 449.50  3.7408E-001
 450.00  3.0982E-001
 450.50  2.8139E-001
 451.00  2.5961E-001
 451.50  2.5393E-001
 452.00  2.9240E-001
 452.50  2.6001E-001
 453.00  3.2731E-001
 453.50  3.8156E-001
 454.00  4.1853E-001
 454.50  4.3713E-001
 455.00  4.4796E-001
 455.50  4.7773E-001
 456.00  5.3044E-001
 456.50  6.0079E-001
 457.00  6.4289E-001
 457.50  6.6655E-001
 458.00  6.3025E-001
 458.50  6.4021E-001
 459.00  6.6048E-001
 459.50  6.4870E-001
 460.00  6.8691E-001
 460.50  6.9938E-001
 461.00  6.7676E-001
 461.50  6.5249E-001
 462.00  6.9001E-001
 462.50  7.2971E-001
 463.00  7.6716E-001
 463.50  8.5626E-001
 464.00  9.0678E-001
 464.50  9.0727E-001
 465.00  8.8981E-001
 465.50  8.6225E-001
 466.00  8.0967E-001
 466.50  8.1289E-001
 467.00  8.1799E-001
 467.50  8.1165E-001
 468.00  8.1423E-001
 468.50  7.4181E-001
 469.00  6.1614E-001
 469.50  5.4367E-001
 470.00  4.8919E-001
 470.50  4.7137E-001
 471.00  5.2756E-001
 471.50  5.8958E-001
 472.00  6.4351E-001
 472.50  7.0376E-001
 473.00  7.7071E-001
 473.50  8.1813E-001
 474.00  8.3569E-001
 474.50  8.2862E-001
 475.00  8.0790E-001
 475.50  7.7282E-001
 476.00  7.8360E-001
 476.50  8.3233E-001
 477.00  8.2458E-001
 477.50  8.4722E-001
 478.00  8.1456E-001
 478.50  7.6901E-001
 479.00  7.5708E-001
 479.50  7.5722E-001
 480.00  7.7197E-001
 480.50  7.8115E-001
 481.00  7.6270E-001
 481.50  7.7310E-001
 482.00  7.9116E-001
 482.50  8.0753E-001
 483.00  8.3501E-001
 483.50  8.4128E-001
 484.00  8.2725E-001
 484.50  8.1311E-001
 485.00  8.2035E-001
 485.50  8.7114E-001
 486.00  9.1260E-001
 486.50  1.0023E+000
 487.00  1.0741E+000
 487.50  1.1519E+000
 488.00  1.2572E+000
 488.50  1.3789E+000
 489.00  1.5471E+000
 489.50  1.7432E+000
 490.00  1.9405E+000
 490.50  2.1490E+000
 491.00  2.3956E+000
 491.50  2.6770E+000
 492.00  2.9870E+000
 492.50  3.3576E+000
 493.00  3.7815E+000
 493.50  4.2125E+000
 494.00  4.6846E+000
 494.50  5.2137E+000
 495.00  5.7623E+000
 495.50  6.3611E+000
 496.00  7.0242E+000
 496.50  7.7441E+000
 497.00  8.5130E+000
 497.50  9.3194E+000
 498.00  1.0161E+001
 498.50  1.1012E+001
 499.00  1.1898E+001
 499.50  1.2806E+001
 500.00  1.3750E+001
 500.50  1.4707E+001
 501.00  1.5680E+001
 501.50  1.6661E+001
 502.00  1.7648E+001
 502.50  1.8632E+001
 503.00  1.9630E+001
 503.50  2.0623E+001
 504.00  2.1618E+001
 504.50  2.2621E+001
 505.00  2.3643E+001
 505.50  2.4651E+001
 506.00  2.5614E+001
 506.50  2.6541E+001
 507.00  2.7438E+001
 507.50  2.8311E+001
 508.00  2.9151E+001
 508.50  3.0014E+001
 509.00  3.0819E+001
 509.50  3.1578E+001
 510.00  3.2310E+001
 510.50  3.2995E+001
 511.00  3.3627E+001
 511.50  3.4223E+001
 512.00  3.4762E+001
 512.50  3.5284E+001
 513.00  3.5808E+001
 513.50  3.6333E+001
 514.00  3.6864E+001
 514.50  3.7374E+001
 515.00  3.7841E+001
 515.50  3.8289E+001
 516.00  3.8719E+001
 516.50  3.9125E+001
 517.00  3.9515E+001
 517.50  3.9887E+001
 518.00  4.0240E+001
 518.50  4.0579E+001
 519.00  4.0929E+001
 519.50  4.1275E+001
 520.00  4.1600E+001
 520.50  4.1885E+001
 521.00  4.2136E+001
 521.50  4.2319E+001
 522.00  4.2496E+001
 522.50  4.2661E+001
 523.00  4.2819E+001
 523.50  4.2976E+001
 524.00  4.3135E+001
 524.50  4.3282E+001
 525.00  4.3428E+001
 525.50  4.3587E+001
 526.00  4.3767E+001
 526.50  4.3922E+001
 527.00  4.4049E+001
 527.50  4.4142E+001
 528.00  4.4189E+001
 528.50  4.4212E+001
 529.00  4.4227E+001
 529.50  4.4222E+001
 530.00  4.4233E+001
 530.50  4.4212E+001
 531.00  4.4199E+001
 531.50  4.4220E+001
 532.00  4.4257E+001
 532.50  4.4295E+001
 533.00  4.4330E+001
 533.50  4.4327E+001
 534.00  4.4274E+001
 534.50  4.4199E+001
 535.00  4.4111E+001
 535.50  4.4014E+001
 536.00  4.3902E+001
 536.50  4.3794E+001
 537.00  4.3691E+001
 537.50  4.3598E+001
 538.00  4.3526E+001
 538.50  4.3445E+001
 539.00  4.3342E+001
 539.50  4.3216E+001
 540.00  4.3040E+001
 540.50  4.2844E+001
 541.00  4.2647E+001
 541.50  4.2446E+001
 542.00  4.2248E+001
 542.50  4.2070E+001
 543.00  4.1894E+001
 543.50  4.1693E+001
 544.00  4.1486E+001
 544.50  4.1265E+001
 545.00  4.1028E+001
 545.50  4.0781E+001
 546.00  4.0527E+001
 546.50  4.0249E+001
 547.00  3.9948E+001
 547.50  3.9650E+001
 548.00  3.9355E+001
 548.50  3.9056E+001
 549.00  3.8767E+001
 549.50  3.8511E+001
 550.00  3.8255E+001
 550.50  3.7992E+001
 551.00  3.7726E+001
 551.50  3.7465E+001
 552.00  3.7190E+001
 552.50  3.6905E+001
 553.00  3.6628E+001
 553.50  3.6327E+001
 554.00  3.5999E+001
 554.50  3.5642E+001
 555.00  3.5308E+001
 555.50  3.4994E+001
 556.00  3.4687E+001
 556.50  3.4391E+001
 557.00  3.4072E+001
 557.50  3.3686E+001
 558.00  3.3267E+001
 558.50  3.2857E+001
 559.00  3.2439E+001
 559.50  3.2051E+001
 560.00  3.1690E+001
 560.50  3.1315E+001
 561.00  3.0911E+001
 561.50  3.0495E+001
 562.00  3.0077E+001
 562.50  2.9667E+001
 563.00  2.9275E+001
 563.50  2.8903E+001
 564.00  2.8536E+001
 564.50  2.8152E+001
 565.00  2.7751E+001
 565.50  2.7360E+001
 566.00  2.6959E+001
 566.50  2.6562E+001
 567.00  2.6185E+001
 567.50  2.5789E+001
 568.00  2.5401E+001
 568.50  2.5008E+001
 569.00  2.4599E+001
 569.50  2.4180E+001
 570.00  2.3749E+001
 570.50  2.3321E+001
 571.00  2.2909E+001
 571.50  2.2516E+001
 572.00  2.2145E+001
 572.50  2.1779E+001
 573.00  2.1409E+001
 573.50  2.1043E+001
 574.00  2.0665E+001
 574.50  2.0276E+001
 575.00  1.9895E+001
 575.50  1.9511E+001
 576.00  1.9108E+001
 576.50  1.8705E+001
 577.00  1.8316E+001
 577.50  1.7913E+001
 578.00  1.7518E+001
 578.50  1.7139E+001
 579.00  1.6777E+001
 579.50  1.6401E+001
 580.00  1.6044E+001
 580.50  1.5693E+001
 581.00  1.5344E+001
 581.50  1.4991E+001
 582.00  1.4639E+001
 582.50  1.4289E+001
 583.00  1.3946E+001
 583.50  1.3616E+001
 584.00  1.3290E+001
 584.50  1.2961E+001
 585.00  1.2627E+001
 585.50  1.2294E+001
 586.00  1.1976E+001
 586.50  1.1683E+001
 587.00  1.1415E+001
 587.50  1.1142E+001
 588.00  1.0870E+001
 588.50  1.0583E+001
 589.00  1.0281E+001
 589.50  9.9891E+000
 590.00  9.7247E+000
 590.50  9.4456E+000
 591.00  9.1625E+000
 591.50  8.8742E+000
 592.00  8.5811E+000
 592.50  8.2827E+000
 593.00  8.0180E+000
 593.50  7.7599E+000
 594.00  7.5242E+000
 594.50  7.2994E+000
 595.00  7.0866E+000
 595.50  6.8642E+000
 596.00  6.6434E+000
 596.50  6.4251E+000
 597.00  6.2212E+000
 597.50  6.0336E+000
 598.00  5.8624E+000
 598.50  5.6974E+000
 599.00  5.5230E+000
 599.50  5.3474E+000
 600.00  5.1758E+000
 600.50  5.0017E+000
 601.00  4.8300E+000
 601.50  4.6652E+000
 602.00  4.5056E+000
 602.50  4.3644E+000
 603.00  4.2316E+000
 603.50  4.1205E+000
 604.00  3.9823E+000
 604.50  3.8606E+000
 605.00  3.7341E+000
 605.50  3.6004E+000
 606.00  3.4613E+000
 606.50  3.3222E+000
 607.00  3.1668E+000
 607.50  3.0107E+000
 608.00  2.8782E+000
 608.50  2.7574E+000
 609.00  2.6436E+000
 609.50  2.5447E+000
 610.00  2.4400E+000
 610.50  2.3473E+000
 611.00  2.2695E+000
 611.50  2.1800E+000
 612.00  2.1075E+000
 612.50  2.0337E+000
 613.00  1.9486E+000
 613.50  1.8767E+000
 614.00  1.8220E+000
 614.50  1.7618E+000
 615.00  1.7184E+000
 615.50  1.6722E+000
 616.00  1.6275E+000
 616.50  1.5693E+000
 617.00  1.4892E+000
 617.50  1.3874E+000
 618.00  1.2923E+000
 618.50  1.1982E+000
 619.00  1.1221E+000
 619.50  1.0838E+000
 620.00  1.0531E+000
 620.50  9.9162E-001
 621.00  9.5202E-001
 621.50  9.0563E-001
 622.00  8.6742E-001
 622.50  8.5080E-001
 623.00  8.4355E-001
 623.50  8.3206E-001
 624.00  8.0955E-001
 624.50  7.7901E-001
 625.00  7.3303E-001
 625.50  6.9408E-001
 626.00  6.6610E-001
 626.50  6.3033E-001
 627.00  5.8288E-001
 627.50  5.5947E-001
 628.00  5.2496E-001
 628.50  4.9466E-001
 629.00  4.9890E-001
 629.50  4.9759E-001
 630.00  4.9417E-001
 630.50  4.8994E-001
 631.00  4.8949E-001
 631.50  4.6683E-001
 632.00  4.6555E-001
 632.50  4.6136E-001
 633.00  4.5242E-001
 633.50  4.4132E-001
 634.00  4.3940E-001
 634.50  4.3640E-001
 635.00  4.2970E-001
 635.50  4.2220E-001
 636.00  3.9042E-001
 636.50  3.4942E-001
 637.00  3.2808E-001
 637.50  3.1535E-001
 638.00  3.0394E-001
 638.50  3.1770E-001
 639.00  3.3112E-001
 639.50  3.4051E-001
 640.00  3.4600E-001
 640.50  3.4904E-001
 641.00  3.3807E-001
 641.50  2.9505E-001
 642.00  2.3926E-001
 642.50  1.9156E-001
 643.00  1.4820E-001
 643.50  1.1297E-001
 644.00  9.6128E-002
 644.50  8.5119E-002
 645.00  7.6025E-002
 645.50  7.3241E-002
 646.00  7.6632E-002
 646.50  7.5842E-002
 647.00  7.8779E-002
 647.50  5.4616E-002
 648.00  1.8014E-002
 648.50  -5.5227E-003
 649.00  -8.3266E-003
 649.50  -1.0932E-003
 650.00  3.2329E-002
 650.50  5.3593E-002
 651.00  6.5381E-002
 651.50  6.8177E-002
 652.00  7.4821E-002
 652.50  8.0220E-002
 653.00  1.0242E-001
 653.50  1.2849E-001
 654.00  1.4068E-001
 654.50  1.3891E-001
 655.00  1.4442E-001
 655.50  1.4214E-001
 656.00  1.4377E-001
 656.50  1.5787E-001
 657.00  1.7001E-001
 657.50  1.7172E-001
 658.00  1.6848E-001
 658.50  1.5849E-001
 659.00  1.3632E-001
 659.50  1.3536E-001
 660.00  1.4592E-001
 660.50  1.2526E-001
 661.00  9.6669E-002
 661.50  8.5111E-002
 662.00  5.3498E-002
 662.50  3.2161E-002
 663.00  2.8856E-002
 663.50  2.5120E-002
 664.00  3.0772E-002
 664.50  3.8876E-002
 665.00  6.6071E-002
 665.50  1.0438E-001
 666.00  1.2694E-001
 666.50  1.3392E-001
 667.00  1.2996E-001
 667.50  1.1556E-001
 668.00  1.1675E-001
 668.50  1.3281E-001
 669.00  1.6348E-001
 669.50  1.9445E-001
 670.00  2.1021E-001
 670.50  2.0501E-001
 671.00  2.1214E-001
 671.50  1.8079E-001
 672.00  1.6354E-001
 672.50  1.4472E-001
 673.00  1.2813E-001
 673.50  1.1037E-001
 674.00  1.0064E-001
 674.50  9.9894E-002
 675.00  9.9625E-002
 675.50  8.7941E-002
 676.00  9.4216E-002
 676.50  8.8805E-002
 677.00  8.9490E-002
 677.50  6.1149E-002
 678.00  6.8211E-002
 678.50  6.5081E-002
 679.00  7.9462E-002
 679.50  1.1464E-001
 680.00  1.5676E-001
 680.50  1.7645E-001
 681.00  1.8817E-001
 681.50  1.8677E-001
 682.00  2.0416E-001
 682.50  2.2442E-001
 683.00  2.3184E-001
 683.50  2.5376E-001
 684.00  2.7093E-001
 684.50  2.7306E-001
 685.00  2.9610E-001
 685.50  3.1969E-001
 686.00  3.2473E-001
 686.50  3.1470E-001
 687.00  2.7561E-001
 687.50  2.3570E-001
 688.00  2.1160E-001
 688.50  2.0013E-001
 689.00  1.9628E-001
 689.50  1.8848E-001
 690.00  1.9209E-001
 690.50  1.8483E-001
 691.00  1.8494E-001
 691.50  1.9017E-001
 692.00  2.0085E-001
 692.50  2.0750E-001
 693.00  2.1008E-001
 693.50  1.8827E-001
 694.00  1.6940E-001
 694.50  1.5223E-001
 695.00  1.3064E-001
 695.50  1.4236E-001
 696.00  1.6873E-001
 696.50  1.8632E-001
 697.00  2.0065E-001
 697.50  2.0200E-001
 698.00  1.9154E-001
 698.50  1.8429E-001
 699.00  1.9585E-001
 699.50  2.0200E-001
 700.00  2.2301E-001
 700.50  2.3741E-001
 701.00  2.2249E-001
 701.50  2.0010E-001
 702.00  1.7748E-001
 702.50  1.3315E-001
 703.00  1.3231E-001
 703.50  1.5300E-001
 704.00  1.8039E-001
 704.50  2.0248E-001
 705.00  2.1810E-001
 705.50  2.0867E-001
 706.00  1.9191E-001
 706.50  1.7283E-001
 707.00  1.4121E-001
 707.50  1.2815E-001
 708.00  9.9321E-002
 708.50  8.9889E-002
 709.00  9.5597E-002
 709.50  1.0551E-001
 710.00  1.2390E-001
 710.50  1.3826E-001
 711.00  1.5973E-001
 711.50  1.9138E-001
 712.00  2.1393E-001
 712.50  2.3572E-001
 713.00  2.7345E-001
 713.50  2.9924E-001
 714.00  3.0701E-001
 714.50  3.0936E-001
 715.00  3.3737E-001
 715.50  3.1669E-001
 716.00  2.9460E-001
 716.50  2.7380E-001
 717.00  2.6056E-001
 717.50  2.3759E-001
 718.00  2.3687E-001
 718.50  2.3814E-001
 719.00  2.4481E-001
 719.50  2.3997E-001
 720.00  2.1163E-001
 720.50  1.8173E-001
 721.00  1.5321E-001
 721.50  1.3526E-001
 722.00  1.3053E-001
 722.50  1.4930E-001
 723.00  1.6841E-001
 723.50  1.7788E-001
 724.00  1.6182E-001
 724.50  1.6041E-001
 725.00  1.4840E-001
 725.50  1.3824E-001
 726.00  1.5226E-001
 726.50  1.6318E-001
 727.00  1.4980E-001
 727.50  1.3708E-001
 728.00  1.1706E-001
 728.50  1.1191E-001
 729.00  7.9546E-002
 729.50  6.8525E-002
 730.00  4.9345E-002
 730.50  5.3645E-002
 731.00  5.6990E-002
 731.50  9.2120E-002
 732.00  1.4122E-001
 732.50  1.6871E-001
 733.00  1.6203E-001
 733.50  1.3983E-001
 734.00  1.2968E-001
 734.50  8.9972E-002
 735.00  1.0436E-001
 735.50  1.5229E-001
 736.00  1.9017E-001
 736.50  2.1766E-001
 737.00  2.4432E-001
 737.50  2.3332E-001
 738.00  2.0879E-001
 738.50  2.1055E-001
 739.00  2.4385E-001
 739.50  2.8340E-001
 740.00  3.2040E-001
 740.50  3.2807E-001
 741.00  2.9824E-001
 741.50  2.8489E-001
 742.00  3.1905E-001
 742.50  3.5986E-001
 743.00  3.8490E-001
 743.50  3.8617E-001
 744.00  3.3172E-001
 744.50  2.6603E-001
 745.00  2.3483E-001
 745.50  2.1356E-001
 746.00  1.9586E-001
 746.50  1.7861E-001
 747.00  1.4098E-001
 747.50  8.3343E-002
 748.00  5.9406E-002
 748.50  5.8554E-002
 749.00  4.7840E-002
 749.50  1.0610E-002
 750.00  1.9067E-002
 750.50  4.2661E-003
 751.00  -1.2286E-002
 751.50  -9.2625E-003
 752.00  8.5128E-003
 752.50  -8.7035E-003
 753.00  -1.3450E-002
 753.50  -1.5707E-002
 754.00  -1.9264E-002
 754.50  1.3124E-002
 755.00  4.6812E-002
 755.50  5.7980E-002
 756.00  8.9178E-002
 756.50  1.0124E-001
 757.00  1.2195E-001
 757.50  1.5061E-001
 758.00  1.7146E-001
 758.50  2.2199E-001
 759.00  2.3726E-001
 759.50  2.5012E-001
 760.00  2.8038E-001
 760.50  2.5937E-001
 761.00  2.3310E-001
 761.50  2.1007E-001
 762.00  1.6775E-001
 762.50  1.2551E-001
 763.00  1.4495E-001
 763.50  2.0127E-001
 764.00  2.4204E-001
 764.50  2.6824E-001
 765.00  3.1281E-001
 765.50  3.2313E-001
 766.00  2.9393E-001
 766.50  2.7265E-001
 767.00  2.4606E-001
 767.50  2.0326E-001
 768.00  1.6364E-001
 768.50  1.4246E-001
 769.00  1.8166E-001
 769.50  1.6703E-001
 770.00  2.0063E-001
 770.50  1.9879E-001
 771.00  1.7261E-001
 771.50  8.7458E-002
 772.00  1.1183E-002
 772.50  -7.0345E-002
 773.00  -1.0510E-001
 773.50  -1.2969E-001
 774.00  -1.0931E-001
 774.50  -9.8108E-002
 775.00  -1.4085E-001
 775.50  -1.3889E-001
 776.00  -1.2559E-001
 776.50  -1.1427E-001
 777.00  -1.6684E-002
 777.50  1.0733E-001
 778.00  1.2764E-001
 778.50  1.6005E-001
 779.00  1.1488E-001
 779.50  4.8150E-002
 780.00  4.3582E-002
 780.50  7.4986E-002
 781.00  1.0145E-001
 781.50  1.9323E-001
 782.00  2.8138E-001
 782.50  3.3547E-001
 783.00  3.6377E-001
 783.50  3.7591E-001
 784.00  2.9354E-001
 784.50  1.5071E-001
 785.00  2.5534E-002
 785.50  -2.7415E-002
 786.00  -8.5707E-002
 786.50  -7.2917E-002
 787.00  -2.4366E-002
 787.50  -2.6869E-002
 788.00  1.7030E-002
 788.50  6.1244E-002
 789.00  9.2893E-002
 789.50  1.2605E-001
 790.00  1.5585E-001
 790.50  2.2433E-001
 791.00  2.4216E-001
 791.50  2.6736E-001
 792.00  2.8294E-001
 792.50  1.8534E-001
 793.00  7.8686E-002
 793.50  2.7079E-002
 794.00  -4.8797E-002
 794.50  -1.0315E-002
 795.00  9.8961E-002
 795.50  2.3455E-001
 796.00  3.5886E-001
 796.50  4.3865E-001
 797.00  5.1234E-001
 797.50  5.7524E-001
 798.00  6.1064E-001
 798.50  6.7227E-001
 799.00  7.2789E-001
 799.50  7.0436E-001
 800.00  7.0714E-001
 800.50  7.4680E-001
 801.00  6.7529E-001
 801.50  6.3393E-001
 802.00  6.6482E-001
 802.50  6.1439E-001
 803.00  6.8756E-001
 803.50  8.1128E-001
 804.00  8.7203E-001
 804.50  9.2660E-001
 805.00  1.0145E+000
 805.50  1.0497E+000
 806.00  9.7533E-001
 806.50  9.6149E-001
 807.00  9.6744E-001
 807.50  8.9275E-001
 808.00  9.0402E-001
 808.50  1.0852E+000
 809.00  1.1753E+000
 809.50  1.2775E+000
 810.00  1.3397E+000
 810.50  1.3473E+000
 811.00  1.1582E+000
 811.50  9.1877E-001
 812.00  6.6155E-001
 812.50  4.1011E-001
 813.00  3.0137E-001
 813.50  2.5705E-001
 814.00  2.0230E-001
 814.50  2.0923E-001
 815.00  1.7724E-001
 815.50  6.0334E-002
 816.00  1.5392E-001
 816.50  3.2011E-001
 817.00  4.7855E-001
 817.50  7.2542E-001
 818.00  9.3647E-001
 818.50  1.0239E+000
 819.00  9.8362E-001
 819.50  8.6929E-001
 820.00  8.0085E-001
 820.50  6.4628E-001
 821.00  4.8556E-001
 821.50  4.2576E-001
 822.00  2.3218E-001
 822.50  9.1524E-002
 823.00  5.9715E-002
 823.50  8.7663E-002
 824.00  9.4562E-002
 824.50  1.4278E-001
 825.00  1.4063E-001
 825.50  -2.3108E-002
 826.00  -2.2501E-001
 826.50  -3.3455E-001
 827.00  -3.8830E-001
 827.50  -4.4588E-001
 828.00  -3.2261E-001
 828.50  -1.1163E-001
 829.00  1.2528E-001
 829.50  2.5505E-001
 830.00  2.7301E-001
 830.50  1.6139E-001
 831.00  -1.4788E-002
 831.50  -2.7325E-001
 832.00  -2.8856E-001
 832.50  -3.0295E-001
 833.00  -2.8484E-001
 833.50  -3.3394E-001
 834.00  -2.9821E-001
 834.50  -9.9270E-002
 835.00  1.9823E-001
 835.50  5.8481E-001
 836.00  7.7675E-001
 836.50  7.5504E-001
 837.00  6.8574E-001
 837.50  4.6877E-001
 838.00  3.0400E-001
 838.50  2.7800E-001
 839.00  2.3574E-001
 839.50  3.0656E-001
 840.00  5.5207E-001
 840.50  7.2111E-001
 841.00  9.4789E-001
 841.50  1.2038E+000
 842.00  1.5107E+000
 842.50  1.7752E+000
 843.00  2.0211E+000
 843.50  2.3250E+000
 844.00  2.5158E+000
 844.50  2.5303E+000
 845.00  2.5111E+000
 845.50  2.4334E+000
 846.00  2.2920E+000
 846.50  2.1085E+000
 847.00  1.8179E+000
 847.50  1.6666E+000
 848.00  1.5768E+000
 848.50  1.5092E+000
 849.00  1.3665E+000
 849.50  1.3830E+000
 850.00  1.5967E+000
 850.50  1.9059E+000
 851.00  2.1212E+000
 851.50  2.2626E+000
 852.00  2.3632E+000
 852.50  2.1807E+000
 853.00  2.1132E+000
 853.50  2.2335E+000
 854.00  2.3180E+000
 854.50  2.3614E+000
 855.00  2.2488E+000
 855.50  2.0299E+000
 856.00  1.7953E+000
 856.50  1.4537E+000
 857.00  1.0878E+000
 857.50  9.2303E-001
 858.00  7.5988E-001
 858.50  3.9827E-001
 859.00  1.4874E-001
 859.50  -2.2480E-001
 860.00  -7.0777E-001
 860.50  -9.8838E-001
 861.00  -1.0103E+000
 861.50  -8.2163E-001
 862.00  -3.6924E-001
 862.50  9.6974E-002
 863.00  4.1826E-001
 863.50  6.8418E-001
 864.00  7.7569E-001
 864.50  8.1343E-001
 865.00  8.0402E-001
 865.50  9.0749E-001
 866.00  9.3550E-001
 866.50  1.0681E+000
 867.00  1.1430E+000
 867.50  1.0044E+000
 868.00  1.0981E+000
 868.50  8.9915E-001
 869.00  6.2686E-001
 869.50  5.2932E-001
 870.00  4.9363E-001
 870.50  4.9510E-001
 871.00  7.6461E-001
 871.50  1.1002E+000
 872.00  1.3106E+000
 872.50  1.4450E+000
 873.00  1.4879E+000
 873.50  1.4941E+000
 874.00  1.5582E+000
 874.50  1.7251E+000
 875.00  1.7943E+000
 875.50  1.7002E+000
 876.00  1.5792E+000
 876.50  1.0985E+000
 877.00  7.4104E-001
 877.50  4.8862E-001
 878.00  3.9405E-001
 878.50  2.5824E-001
 879.00  3.6218E-001
 879.50  4.2554E-001
 880.00  4.1062E-001
 880.50  1.9460E-001
 881.00  3.7325E-003
 881.50  -8.0520E-002
 882.00  -3.7582E-001
 882.50  -6.1504E-001
 883.00  -6.0545E-001
 883.50  -7.2575E-001
 884.00  -8.0481E-001
 884.50  -5.6258E-001
 885.00  -2.3322E-001
 885.50  3.1816E-001
 886.00  6.5219E-001
 886.50  9.1641E-001
 887.00  1.0352E+000
 887.50  9.6785E-001
 888.00  6.1726E-001
 888.50  5.1012E-001
 889.00  3.7055E-001
 889.50  4.2341E-001
 890.00  6.4319E-001
 890.50  9.1067E-001
 891.00  1.1869E+000
 891.50  1.3326E+000
 892.00  1.4608E+000
 892.50  1.6198E+000
 893.00  1.4654E+000
 893.50  1.1418E+000
 894.00  1.0856E+000
 894.50  9.6448E-001
 895.00  6.2569E-001
 895.50  6.9277E-001
 896.00  7.9792E-001
 896.50  7.2181E-001
 897.00  6.0076E-001
 897.50  7.9012E-001
 898.00  8.8160E-001
 898.50  9.9443E-001
 899.00  1.1597E+000
 899.50  1.3178E+000
 900.00  1.4379E+000
 900.50  1.6222E+000
 901.00  1.8212E+000
 901.50  2.0561E+000
 902.00  2.2468E+000
 902.50  2.4020E+000
 903.00  2.3680E+000
 903.50  2.1346E+000
 904.00  1.8268E+000
 904.50  1.4984E+000
 905.00  1.1661E+000
 905.50  1.0921E+000
 906.00  1.2483E+000
 906.50  1.5254E+000
 907.00  1.7275E+000
 907.50  1.6511E+000
 908.00  1.3823E+000
 908.50  1.0464E+000
 909.00  6.3362E-001
 909.50  5.6209E-001
 910.00  7.2703E-001
 910.50  8.8591E-001
 911.00  1.0150E+000
 911.50  1.1634E+000
 912.00  1.0416E+000
 912.50  1.1121E+000
 913.00  1.2181E+000
 913.50  1.5912E+000
 914.00  1.8376E+000
 914.50  1.9930E+000
 915.00  2.1939E+000
 915.50  2.3476E+000
 916.00  2.1901E+000
 916.50  2.1803E+000
 917.00  2.1932E+000
 917.50  2.2621E+000
 918.00  2.4530E+000
 918.50  2.3980E+000
 919.00  2.1693E+000
 919.50  2.0188E+000
 920.00  1.7832E+000
 920.50  1.5754E+000
 921.00  1.5542E+000
 921.50  1.5284E+000
 922.00  1.3911E+000
 922.50  1.1631E+000
 923.00  1.0492E+000
 923.50  9.1117E-001
 924.00  9.3125E-001
 924.50  7.9411E-001
 925.00  5.7383E-001
 925.50  1.4048E-001
 926.00  2.1170E-001
 926.50  1.9708E-001
 927.00  3.0956E-001
 927.50  5.2637E-001
 928.00  6.8648E-001
 928.50  5.7389E-001
 929.00  6.7833E-001
 929.50  7.8239E-001
 930.00  9.3924E-001
 930.50  1.2613E+000
 931.00  1.3089E+000
 931.50  1.0667E+000
 932.00  6.3022E-001
 932.50  3.3177E-001
 933.00  1.0845E-001
 933.50  2.6105E-001
 934.00  6.3066E-001
 934.50  6.6937E-001
 935.00  5.1412E-001
 935.50  5.4994E-001
 936.00  6.9405E-001
 936.50  6.6806E-001
 937.00  9.9263E-001
 937.50  1.0967E+000
 938.00  1.0748E+000
 938.50  8.5232E-001
 939.00  8.8092E-001
 939.50  9.2876E-001
 940.00  7.4801E-001
 940.50  4.9737E-001
 941.00  3.6040E-001
 941.50  2.5768E-001
 942.00  1.8948E-001
 942.50  7.5887E-002
 943.00  1.2463E-001
 943.50  -8.8575E-003
 944.00  -1.1283E-001
 944.50  -6.6804E-002
 945.00  3.2809E-001
 945.50  3.6513E-001
 946.00  8.6466E-001
 946.50  1.3384E+000
 947.00  2.0212E+000
 947.50  2.3926E+000
 948.00  2.9200E+000
 948.50  3.1833E+000
 949.00  3.5555E+000
 949.50  3.7687E+000
 950.00  3.9651E+000
 950.50  4.2124E+000
 951.00  4.2992E+000
 951.50  4.3599E+000
 952.00  5.1199E+000
 952.50  5.6169E+000
 953.00  5.6388E+000
 953.50  5.1919E+000
 954.00  4.5038E+000
 954.50  3.4771E+000
 955.00  2.8518E+000
 955.50  2.4316E+000
 956.00  2.9371E+000
 956.50  2.9965E+000
 957.00  2.5974E+000
 957.50  2.7371E+000
 958.00  2.0467E+000
 958.50  1.9633E+000
 959.00  1.9619E+000
 959.50  2.1488E+000
 960.00  2.4403E+000
 960.50  3.0760E+000
 961.00  3.4152E+000
 961.50  4.2171E+000
 962.00  5.1363E+000
 962.50  5.9441E+000
 963.00  6.2779E+000
 963.50  6.3666E+000
 964.00  6.3376E+000
 964.50  6.2118E+000
 965.00  6.4096E+000
 965.50  6.3674E+000
 966.00  6.1603E+000
 966.50  6.2683E+000
 967.00  6.5157E+000
 967.50  5.3816E+000
 968.00  5.6709E+000
 968.50  4.2224E+000
 969.00  2.5507E+000
 969.50  1.3424E+000
 970.00  8.8067E-001
 970.50  5.3685E-001
 971.00  1.6086E+000
 971.50  3.1004E+000
 972.00  4.4412E+000
 972.50  5.4349E+000
 973.00  5.6735E+000
 973.50  5.6853E+000
 974.00  5.3505E+000
 974.50  4.6480E+000
 975.00  4.8578E+000
 975.50  5.3179E+000
 976.00  4.5967E+000
 976.50  3.3088E+000
 977.00  2.1381E+000
 977.50  7.6467E-001
 978.00  -4.0331E-002
 978.50  7.8972E-001
 979.00  7.3253E-001
 979.50  1.6955E+000
 980.00  1.6805E+000
 980.50  1.8928E+000
 981.00  1.7230E+000
 981.50  2.4060E+000
 982.00  3.3515E+000
 982.50  4.8654E+000
 983.00  5.4937E+000
 983.50  5.6912E+000
 984.00  5.8000E+000
 984.50  5.3942E+000
 985.00  4.9478E+000
 985.50  4.8152E+000
 986.00  5.0995E+000
 986.50  4.8681E+000
 987.00  3.8414E+000
 987.50  2.8314E+000
 988.00  2.3476E+000
 988.50  1.2260E+000
 989.00  1.6567E+000
 989.50  2.0725E+000
 990.00  2.5902E+000
 990.50  2.4528E+000
 991.00  2.9425E+000
 991.50  1.1303E+000
 992.00  7.7909E-001
 992.50  9.6192E-001
 993.00  2.1177E+000
 993.50  3.8009E+000
 994.00  6.3145E+000
 994.50  7.9351E+000
 995.00  8.7805E+000
 995.50  8.9463E+000
 996.00  9.1348E+000
 996.50  1.0049E+001
 997.00  1.0345E+001
 997.50  1.0160E+001
 998.00  1.0002E+001
 998.50  9.3552E+000
 999.00  8.0990E+000
 999.50  7.9352E+000
1000.00  6.7244E+000
1000.50  5.8074E+000
1001.00  4.4896E+000
1001.50  4.3558E+000
1002.00  3.0010E+000
1002.50  4.1069E+000
1003.00  5.3818E+000
1003.50  7.9821E+000
1004.00  9.6678E+000
1004.50  1.1637E+001
1005.00  1.2873E+001
1005.50  1.2460E+001
1006.00  1.1398E+001
1006.50  1.1034E+001
1007.00  1.0868E+001
1007.50  1.1472E+001
1008.00  1.2325E+001
1008.50  1.2455E+001
1009.00  1.2842E+001
1009.50  1.3142E+001
1010.00  1.2517E+001
1010.50  1.2312E+001
1011.00  1.2204E+001
1011.50  1.1568E+001
1012.00  1.0868E+001
1012.50  1.0827E+001
1013.00  1.0726E+001
1013.50  9.7677E+000
1014.00  8.8274E+000
1014.50  8.8609E+000
1015.00  7.9933E+000
1015.50  8.4929E+000
1016.00  1.0068E+001
1016.50  1.0858E+001
1017.00  9.5150E+000
1017.50  9.0262E+000
1018.00  7.2686E+000
1018.50  6.6151E+000
1019.00  6.3980E+000
1019.50  7.2763E+000
1020.00  8.1264E+000
1020.50  8.7133E+000
1021.00  8.2478E+000
1021.50  7.8240E+000
1022.00  7.2367E+000
1022.50  6.1701E+000
1023.00  5.0957E+000
1023.50  5.0678E+000
1024.00  5.9199E+000
1024.50  6.8972E+000
1025.00  7.4294E+000
1025.50  7.9462E+000
1026.00  7.6105E+000
1026.50  7.2286E+000
1027.00  7.5159E+000
1027.50  8.7860E+000
1028.00  9.3830E+000
1028.50  9.5907E+000
1029.00  9.1534E+000
1029.50  8.0701E+000
1030.00  6.4464E+000
1030.50  5.2656E+000
1031.00  5.1757E+000
1031.50  4.9010E+000
1032.00  5.3640E+000
1032.50  6.3659E+000
1033.00  8.4881E+000
1033.50  8.5882E+000
1034.00  8.6359E+000
1034.50  9.2978E+000
1035.00  9.1719E+000
1035.50  8.8361E+000
1036.00  8.9524E+000
1036.50  8.1330E+000
1037.00  7.0452E+000
1037.50  5.6579E+000
1038.00  3.1410E+000
1038.50  1.5852E+000
1039.00  3.5217E-001
1039.50  -3.1097E-001
1040.00  -1.4122E+000
1040.50  -6.5942E-001
1041.00  -4.4237E-001
1041.50  -5.9102E-002
1042.00  8.8465E-001
1042.50  4.4060E+000
1043.00  6.0547E+000
1043.50  7.8783E+000
1044.00  9.2400E+000
1044.50  9.0524E+000
1045.00  7.6577E+000
1045.50  6.2153E+000
1046.00  5.3568E+000
1046.50  4.1699E+000
1047.00  3.8063E+000
1047.50  3.7460E+000
1048.00  4.0355E+000
1048.50  2.7272E+000
1049.00  1.1393E+000
1049.50  9.9301E-001
1050.00  1.5224E+000
1050.50  1.4892E+000
1051.00  2.3981E+000
1051.50  1.9167E+000
1052.00  -7.0952E-001
1052.50  -3.1072E+000
1053.00  -3.3693E+000
1053.50  -3.7682E+000
1054.00  -2.1722E+000
1054.50  -8.2546E-001
1055.00  2.5355E+000
1055.50  4.1661E+000
1056.00  6.0857E+000
1056.50  8.7260E+000
1057.00  1.0496E+001
1057.50  9.8142E+000
1058.00  9.8612E+000
1058.50  9.1770E+000
1059.00  7.1025E+000
1059.50  6.6095E+000
1060.00  6.0582E+000
1060.50  6.6201E+000
1061.00  8.6851E+000
1061.50  9.6899E+000
1062.00  1.0004E+001
1062.50  1.0673E+001
1063.00  1.1219E+001
1063.50  1.2093E+001
1064.00  1.2733E+001
1064.50  1.3866E+001
1065.00  1.5079E+001
1065.50  1.4666E+001
1066.00  1.3343E+001
1066.50  1.3342E+001
1067.00  1.1538E+001
1067.50  9.8815E+000
1068.00  7.7183E+000
1068.50  6.2694E+000
1069.00  3.3074E+000
1069.50  7.7297E-001
1070.00  -3.4754E+000
1070.50  -4.3678E+000
1071.00  -6.0442E+000
1071.50  -8.2911E+000
1072.00  -1.2646E+001
1072.50  -1.3663E+001
1073.00  -1.7952E+001
1073.50  -2.0212E+001
1074.00  -1.9309E+001
1074.50  -1.5177E+001
1075.00  -1.2437E+001
1075.50  -1.0046E+001
1076.00  -1.0455E+001
1076.50  -1.0181E+001
1077.00  -6.4629E+000
1077.50  -2.3962E+000
1078.00  1.0391E+000
1078.50  5.8203E+000
1079.00  9.0574E+000
1079.50  9.8360E+000
1080.00  9.8407E+000
1080.50  8.4685E+000
1081.00  6.8997E+000
1081.50  5.1262E+000
1082.00  2.9092E+000
1082.50  2.4246E+000
1083.00  3.4308E+000
1083.50  6.2799E+000
1084.00  8.6547E+000
1084.50  9.0424E+000
1085.00  8.4769E+000
1085.50  8.5820E+000
1086.00  5.5181E+000
1086.50  -7.7631E-001
1087.00  -4.2460E+000
1087.50  -1.0134E+001
1088.00  -1.5623E+001
1088.50  -1.9629E+001
1089.00  -2.1620E+001
1089.50  -2.2879E+001
1090.00  -2.2720E+001
1090.50  -2.2492E+001
1091.00  -1.8076E+001
1091.50  -9.7779E+000
1092.00  -4.5424E+000
1092.50  5.5738E-001
1093.00  5.1623E+000
1093.50  6.0500E+000
1094.00  4.1423E+000
1094.50  2.1232E+000
1095.00  7.0579E-001
1095.50  -1.6528E+000
1096.00  -3.3330E+000
1096.50  -1.5689E+000
1097.00  -7.0335E-001
1097.50  -1.3757E+000
1098.00  -7.2543E-001
1098.50  -1.4718E+000
1099.00  -4.5473E+000
1099.50  -5.9390E+000
1100.00  -7.6641E+000
1100.50  -8.6961E+000
1101.00  -9.1452E+000
1101.50  -7.8972E+000
1102.00  -7.7232E+000
1102.50  -7.0381E+000
1103.00  -6.1355E+000
1103.50  -3.8181E+000
1104.00  -1.5767E+000
1104.50  3.2701E-001
1105.00  1.1893E+000
1105.50  1.8610E+000
1106.00  2.9732E+000
1106.50  4.2761E+000
1107.00  5.7952E+000
1107.50  7.7163E+000
1108.00  8.3846E+000
1108.50  7.2958E+000
1109.00  6.3745E+000
1109.50  5.0105E+000
1110.00  3.6024E+000
1110.50  5.8790E+000
1111.00  1.1674E+001
1111.50  7.0648E+001
1112.00  1.1553E+002
1112.50  4.4338E+001
