 183.00  1.0000E-003
 183.50  1.0000E-003
 184.00  1.0000E-003
 184.50  1.0000E-003
 185.00  1.0000E-003
 185.50  1.0000E-003
 186.00  1.0000E-003
 186.50  1.0000E-003
 187.00  1.0000E-003
 187.50  1.0000E-003
 188.00  1.0000E-003
 188.50  1.0000E-003
 189.00  2.9268E+001
 189.50  3.0394E+001
 190.00  3.5881E+001
 190.50  4.8114E+001
 191.00  4.4843E+001
 191.50  5.1925E+001
 192.00  5.5217E+001
 192.50  5.4490E+001
 193.00  5.1696E+001
 193.50  5.0680E+001
 194.00  4.6866E+001
 194.50  4.9800E+001
 195.00  4.9835E+001
 195.50  5.0322E+001
 196.00  5.2472E+001
 196.50  5.1697E+001
 197.00  5.5182E+001
 197.50  5.8236E+001
 198.00  5.9978E+001
 198.50  6.0340E+001
 199.00  6.0501E+001
 199.50  6.3812E+001
 200.00  6.9142E+001
 200.50  7.9916E+001
 201.00  9.0195E+001
 201.50  9.6396E+001
 202.00  9.6950E+001
 202.50  9.6694E+001
 203.00  9.0852E+001
 203.50  8.7280E+001
 204.00  8.9878E+001
 204.50  8.5567E+001
 205.00  7.7560E+001
 205.50  7.1881E+001
 206.00  6.5251E+001
 206.50  6.2532E+001
 207.00  6.1358E+001
 207.50  6.1666E+001
 208.00  6.2808E+001
 208.50  6.1004E+001
 209.00  6.5117E+001
 209.50  6.7998E+001
 210.00  6.9380E+001
 210.50  7.1213E+001
 211.00  7.4670E+001
 211.50  7.6884E+001
 212.00  7.8220E+001
 212.50  7.8851E+001
 213.00  7.6854E+001
 213.50  7.4560E+001
 214.00  7.2644E+001
 214.50  7.1407E+001
 215.00  6.9739E+001
 215.50  7.0599E+001
 216.00  7.2004E+001
 216.50  7.3978E+001
 217.00  7.3321E+001
 217.50  7.3565E+001
 218.00  7.5148E+001
 218.50  7.8093E+001
 219.00  7.6686E+001
 219.50  7.3793E+001
 220.00  7.1100E+001
 220.50  6.9187E+001
 221.00  6.8904E+001
 221.50  6.9076E+001
 222.00  6.7232E+001
 222.50  6.2315E+001
 223.00  6.0968E+001
 223.50  6.2899E+001
 224.00  6.7111E+001
 224.50  7.3616E+001
 225.00  7.6612E+001
 225.50  7.5475E+001
 226.00  7.2146E+001
 226.50  6.7916E+001
 227.00  6.3135E+001
 227.50  6.1166E+001
 228.00  6.1352E+001
 228.50  6.1296E+001
 229.00  6.3076E+001
 229.50  6.3149E+001
 230.00  6.2517E+001
 230.50  6.4406E+001
 231.00  6.5805E+001
 231.50  6.5951E+001
 232.00  6.6728E+001
 232.50  6.5668E+001
 233.00  6.5792E+001
 233.50  6.8048E+001
 234.00  7.0340E+001
 234.50  7.0870E+001
 235.00  6.9902E+001
 235.50  6.8455E+001
 236.00  6.9723E+001
 236.50  6.9227E+001
 237.00  6.8331E+001
 237.50  6.4658E+001
 238.00  5.9058E+001
 238.50  5.3236E+001
 239.00  5.2754E+001
 239.50  5.2508E+001
 240.00  5.2945E+001
 240.50  5.2048E+001
 241.00  5.1348E+001
 241.50  5.0230E+001
 242.00  4.9293E+001
 242.50  5.0648E+001
 243.00  5.2281E+001
 243.50  5.4010E+001
 244.00  5.4500E+001
 244.50  5.4931E+001
 245.00  5.4687E+001
 245.50  5.1199E+001
 246.00  4.7855E+001
 246.50  4.6562E+001
 247.00  4.4799E+001
 247.50  4.8198E+001
 248.00  5.0292E+001
 248.50  5.0617E+001
 249.00  5.1800E+001
 249.50  5.0206E+001
 250.00  5.0091E+001
 250.50  5.1373E+001
 251.00  5.1756E+001
 251.50  5.2963E+001
 252.00  5.5107E+001
 252.50  5.7532E+001
 253.00  5.9962E+001
 253.50  6.5118E+001
 254.00  6.8006E+001
 254.50  6.9415E+001
 255.00  6.9269E+001
 255.50  6.3790E+001
 256.00  6.2061E+001
 256.50  6.1013E+001
 257.00  5.7955E+001
 257.50  5.7808E+001
 258.00  5.4637E+001
 258.50  5.0776E+001
 259.00  5.3739E+001
 259.50  6.0449E+001
 260.00  6.4895E+001
 260.50  7.0212E+001
 261.00  7.2279E+001
 261.50  7.1037E+001
 262.00  7.2213E+001
 262.50  7.3848E+001
 263.00  7.8801E+001
 263.50  8.5881E+001
 264.00  9.0132E+001
 264.50  9.4614E+001
 265.00  9.4501E+001
 265.50  9.1097E+001
 266.00  8.5578E+001
 266.50  8.0369E+001
 267.00  7.4600E+001
 267.50  6.9375E+001
 268.00  6.5874E+001
 268.50  6.2973E+001
 269.00  5.9679E+001
 269.50  5.8790E+001
 270.00  5.6900E+001
 270.50  5.5177E+001
 271.00  5.4037E+001
 271.50  5.1426E+001
 272.00  4.9435E+001
 272.50  4.8209E+001
 273.00  4.7336E+001
 273.50  4.8569E+001
 274.00  5.0451E+001
 274.50  5.4109E+001
 275.00  5.7301E+001
 275.50  5.8270E+001
 276.00  6.0578E+001
 276.50  6.0082E+001
 277.00  6.0819E+001
 277.50  6.2165E+001
 278.00  6.4098E+001
 278.50  6.7338E+001
 279.00  6.7655E+001
 279.50  6.7280E+001
 280.00  6.7723E+001
 280.50  6.7344E+001
 281.00  6.5639E+001
 281.50  6.5699E+001
 282.00  6.4007E+001
 282.50  6.1406E+001
 283.00  5.3720E+001
 283.50  5.0429E+001
 284.00  4.6905E+001
 284.50  4.2748E+001
 285.00  4.2880E+001
 285.50  4.3766E+001
 286.00  4.1809E+001
 286.50  4.3527E+001
 287.00  4.5824E+001
 287.50  4.6903E+001
 288.00  4.9576E+001
 288.50  5.0812E+001
 289.00  5.4956E+001
 289.50  5.6064E+001
 290.00  5.7017E+001
 290.50  5.9606E+001
 291.00  6.0199E+001
 291.50  6.2838E+001
 292.00  6.6244E+001
 292.50  6.6424E+001
 293.00  6.4184E+001
 293.50  6.2176E+001
 294.00  5.9937E+001
 294.50  5.7869E+001
 295.00  5.7917E+001
 295.50  5.7482E+001
 296.00  5.5844E+001
 296.50  5.5570E+001
 297.00  5.4653E+001
 297.50  5.2520E+001
 298.00  5.2053E+001
 298.50  5.0878E+001
 299.00  4.9164E+001
 299.50  4.7670E+001
 300.00  4.4804E+001
 300.50  4.1880E+001
 301.00  4.0176E+001
 301.50  3.6684E+001
 302.00  3.6293E+001
 302.50  3.8213E+001
 303.00  3.7672E+001
 303.50  4.0465E+001
 304.00  4.3547E+001
 304.50  4.3780E+001
 305.00  4.5961E+001
 305.50  4.8363E+001
 306.00  5.1694E+001
 306.50  5.3833E+001
 307.00  5.5447E+001
 307.50  5.4397E+001
 308.00  5.3679E+001
 308.50  5.1160E+001
 309.00  4.9215E+001
 309.50  4.7477E+001
 310.00  4.7387E+001
 310.50  4.6791E+001
 311.00  4.8193E+001
 311.50  4.9456E+001
 312.00  5.0778E+001
 312.50  5.3188E+001
 313.00  5.3028E+001
 313.50  5.5494E+001
 314.00  5.5527E+001
 314.50  5.4334E+001
 315.00  5.3812E+001
 315.50  5.3041E+001
 316.00  5.1417E+001
 316.50  4.8967E+001
 317.00  4.6061E+001
 317.50  4.0990E+001
 318.00  3.9552E+001
 318.50  4.1722E+001
 319.00  4.4063E+001
 319.50  4.6880E+001
 320.00  5.0386E+001
 320.50  5.2656E+001
 321.00  5.3464E+001
 321.50  5.6270E+001
 322.00  5.8431E+001
 322.50  5.9143E+001
 323.00  6.1844E+001
 323.50  6.4222E+001
 324.00  6.4092E+001
 324.50  6.2345E+001
 325.00  5.9983E+001
 325.50  5.8942E+001
 326.00  5.8047E+001
 326.50  5.9745E+001
 327.00  6.1003E+001
 327.50  6.1059E+001
 328.00  6.0382E+001
 328.50  5.9705E+001
 329.00  5.8764E+001
 329.50  5.7636E+001
 330.00  5.6163E+001
 330.50  5.4446E+001
 331.00  5.3256E+001
 331.50  5.0996E+001
 332.00  4.8775E+001
 332.50  4.8845E+001
 333.00  4.8760E+001
 333.50  4.8998E+001
 334.00  4.9237E+001
 334.50  4.9685E+001
 335.00  5.0038E+001
 335.50  5.0116E+001
 336.00  5.1486E+001
 336.50  5.2847E+001
 337.00  5.3200E+001
 337.50  5.3399E+001
 338.00  5.4581E+001
 338.50  5.5612E+001
 339.00  5.6390E+001
 339.50  5.7837E+001
 340.00  5.9166E+001
 340.50  5.9514E+001
 341.00  6.0039E+001
 341.50  6.0621E+001
 342.00  6.0508E+001
 342.50  6.0536E+001
 343.00  6.0157E+001
 343.50  5.9657E+001
 344.00  5.9963E+001
 344.50  5.9935E+001
 345.00  5.8875E+001
 345.50  5.7758E+001
 346.00  5.5751E+001
 346.50  5.3703E+001
 347.00  5.2564E+001
 347.50  5.1845E+001
 348.00  5.1061E+001
 348.50  4.9892E+001
 349.00  4.7942E+001
 349.50  4.6160E+001
 350.00  4.4029E+001
 350.50  4.1885E+001
 351.00  4.0874E+001
 351.50  4.0505E+001
 352.00  4.0880E+001
 352.50  4.1448E+001
 353.00  4.1886E+001
 353.50  4.1843E+001
 354.00  4.1519E+001
 354.50  4.1986E+001
 355.00  4.2936E+001
 355.50  4.3979E+001
 356.00  4.5422E+001
 356.50  4.6266E+001
 357.00  4.6247E+001
 357.50  4.6598E+001
 358.00  4.6991E+001
 358.50  4.7338E+001
 359.00  4.7368E+001
 359.50  4.6860E+001
 360.00  4.7142E+001
 360.50  4.6393E+001
 361.00  4.6791E+001
 361.50  4.8507E+001
 362.00  5.0097E+001
 362.50  5.2514E+001
 363.00  5.5163E+001
 363.50  5.8006E+001
 364.00  5.9735E+001
 364.50  6.1236E+001
 365.00  6.2771E+001
 365.50  6.4083E+001
 366.00  6.6313E+001
 366.50  6.8796E+001
 367.00  7.1042E+001
 367.50  7.2764E+001
 368.00  7.3824E+001
 368.50  7.4454E+001
 369.00  7.4970E+001
 369.50  7.5245E+001
 370.00  7.5781E+001
 370.50  7.6450E+001
 371.00  7.7172E+001
 371.50  7.7679E+001
 372.00  7.8268E+001
 372.50  7.8845E+001
 373.00  7.9460E+001
 373.50  8.0072E+001
 374.00  8.0798E+001
 374.50  8.1227E+001
 375.00  8.1182E+001
 375.50  8.0960E+001
 376.00  8.0817E+001
 376.50  8.0633E+001
 377.00  8.0611E+001
 377.50  8.1028E+001
 378.00  8.1070E+001
 378.50  8.0887E+001
 379.00  8.0639E+001
 379.50  8.0261E+001
 380.00  8.0241E+001
 380.50  8.0324E+001
 381.00  8.0819E+001
 381.50  8.1399E+001
 382.00  8.1880E+001
 382.50  8.2061E+001
 383.00  8.2115E+001
 383.50  8.1929E+001
 384.00  8.1596E+001
 384.50  8.1732E+001
 385.00  8.1578E+001
 385.50  8.1637E+001
 386.00  8.1645E+001
 386.50  8.1502E+001
 387.00  8.1515E+001
 387.50  8.1481E+001
 388.00  8.1680E+001
 388.50  8.1957E+001
 389.00  8.2328E+001
 389.50  8.2661E+001
 390.00  8.2806E+001
 390.50  8.2818E+001
 391.00  8.2752E+001
 391.50  8.2818E+001
 392.00  8.2909E+001
 392.50  8.3247E+001
 393.00  8.3515E+001
 393.50  8.3618E+001
 394.00  8.3603E+001
 394.50  8.3351E+001
 395.00  8.2925E+001
 395.50  8.2670E+001
 396.00  8.2458E+001
 396.50  8.2276E+001
 397.00  8.2360E+001
 397.50  8.2541E+001
 398.00  8.2618E+001
 398.50  8.2785E+001
 399.00  8.2997E+001
 399.50  8.3182E+001
 400.00  8.3380E+001
 400.50  8.3645E+001
 401.00  8.3822E+001
 401.50  8.3768E+001
 402.00  8.3680E+001
 402.50  8.3415E+001
 403.00  8.3128E+001
 403.50  8.2775E+001
 404.00  8.2477E+001
 404.50  8.2263E+001
 405.00  8.2108E+001
 405.50  8.2100E+001
 406.00  8.2186E+001
 406.50  8.2365E+001
 407.00  8.2533E+001
 407.50  8.2843E+001
 408.00  8.3234E+001
 408.50  8.3556E+001
 409.00  8.3732E+001
 409.50  8.3876E+001
 410.00  8.3821E+001
 410.50  8.3621E+001
 411.00  8.3555E+001
 411.50  8.3559E+001
 412.00  8.3573E+001
 412.50  8.3689E+001
 413.00  8.3800E+001
 413.50  8.3902E+001
 414.00  8.3830E+001
 414.50  8.3623E+001
 415.00  8.3313E+001
 415.50  8.2981E+001
 416.00  8.2707E+001
 416.50  8.2487E+001
 417.00  8.2349E+001
 417.50  8.2297E+001
 418.00  8.2285E+001
 418.50  8.2401E+001
 419.00  8.2566E+001
 419.50  8.2642E+001
 420.00  8.2574E+001
 420.50  8.2524E+001
 421.00  8.2490E+001
 421.50  8.2405E+001
 422.00  8.2328E+001
 422.50  8.2199E+001
 423.00  8.1871E+001
 423.50  8.1539E+001
 424.00  8.1345E+001
 424.50  8.1331E+001
 425.00  8.1403E+001
 425.50  8.1438E+001
 426.00  8.1515E+001
 426.50  8.1505E+001
 427.00  8.1445E+001
 427.50  8.1376E+001
 428.00  8.1197E+001
 428.50  8.0764E+001
 429.00  7.9931E+001
 429.50  7.8728E+001
 430.00  7.7243E+001
 430.50  7.5656E+001
 431.00  7.4208E+001
 431.50  7.3048E+001
 432.00  7.2282E+001
 432.50  7.1871E+001
 433.00  7.1811E+001
 433.50  7.1924E+001
 434.00  7.2233E+001
 434.50  7.2701E+001
 435.00  7.3341E+001
 435.50  7.4162E+001
 436.00  7.5059E+001
 436.50  7.5907E+001
 437.00  7.6598E+001
 437.50  7.7271E+001
 438.00  7.7906E+001
 438.50  7.8542E+001
 439.00  7.9191E+001
 439.50  7.9748E+001
 440.00  8.0118E+001
 440.50  8.0413E+001
 441.00  8.0660E+001
 441.50  8.0888E+001
 442.00  8.1171E+001
 442.50  8.1556E+001
 443.00  8.1902E+001
 443.50  8.2187E+001
 444.00  8.2413E+001
 444.50  8.2508E+001
 445.00  8.2578E+001
 445.50  8.2638E+001
 446.00  8.2761E+001
 446.50  8.2837E+001
 447.00  8.2803E+001
 447.50  8.2680E+001
 448.00  8.2511E+001
 448.50  8.2254E+001
 449.00  8.2075E+001
 449.50  8.1934E+001
 450.00  8.1829E+001
 450.50  8.1816E+001
 451.00  8.1828E+001
 451.50  8.1771E+001
 452.00  8.1805E+001
 452.50  8.1795E+001
 453.00  8.1590E+001
 453.50  8.1389E+001
 454.00  8.1131E+001
 454.50  8.0752E+001
 455.00  8.0425E+001
 455.50  8.0153E+001
 456.00  7.9917E+001
 456.50  7.9742E+001
 457.00  7.9500E+001
 457.50  7.9171E+001
 458.00  7.8771E+001
 458.50  7.8282E+001
 459.00  7.7841E+001
 459.50  7.7462E+001
 460.00  7.7162E+001
 460.50  7.6926E+001
 461.00  7.6715E+001
 461.50  7.6592E+001
 462.00  7.6502E+001
 462.50  7.6406E+001
 463.00  7.6344E+001
 463.50  7.6261E+001
 464.00  7.6113E+001
 464.50  7.5985E+001
 465.00  7.5816E+001
 465.50  7.5585E+001
 466.00  7.5254E+001
 466.50  7.4974E+001
 467.00  7.4707E+001
 467.50  7.4433E+001
 468.00  7.4202E+001
 468.50  7.3950E+001
 469.00  7.3665E+001
 469.50  7.3434E+001
 470.00  7.3189E+001
 470.50  7.2929E+001
 471.00  7.2596E+001
 471.50  7.2116E+001
 472.00  7.1554E+001
 472.50  7.0996E+001
 473.00  7.0425E+001
 473.50  6.9971E+001
 474.00  6.9648E+001
 474.50  6.9388E+001
 475.00  6.9224E+001
 475.50  6.9199E+001
 476.00  6.9253E+001
 476.50  6.9376E+001
 477.00  6.9533E+001
 477.50  6.9610E+001
 478.00  6.9678E+001
 478.50  6.9852E+001
 479.00  7.0121E+001
 479.50  7.0496E+001
 480.00  7.1001E+001
 480.50  7.1506E+001
 481.00  7.1969E+001
 481.50  7.2428E+001
 482.00  7.2869E+001
 482.50  7.3334E+001
 483.00  7.3868E+001
 483.50  7.4475E+001
 484.00  7.5142E+001
 484.50  7.5808E+001
 485.00  7.6427E+001
 485.50  7.6997E+001
 486.00  7.7469E+001
 486.50  7.7875E+001
 487.00  7.8219E+001
 487.50  7.8509E+001
 488.00  7.8750E+001
 488.50  7.8987E+001
 489.00  7.9262E+001
 489.50  7.9557E+001
 490.00  7.9854E+001
 490.50  8.0098E+001
 491.00  8.0286E+001
 491.50  8.0425E+001
 492.00  8.0523E+001
 492.50  8.0578E+001
 493.00  8.0574E+001
 493.50  8.0486E+001
 494.00  8.0319E+001
 494.50  8.0113E+001
 495.00  7.9913E+001
 495.50  7.9672E+001
 496.00  7.9393E+001
 496.50  7.9078E+001
 497.00  7.8741E+001
 497.50  7.8366E+001
 498.00  7.7939E+001
 498.50  7.7480E+001
 499.00  7.6936E+001
 499.50  7.6338E+001
 500.00  7.5774E+001
 500.50  7.5219E+001
 501.00  7.4688E+001
 501.50  7.4189E+001
 502.00  7.3666E+001
 502.50  7.3095E+001
 503.00  7.2489E+001
 503.50  7.1845E+001
 504.00  7.1177E+001
 504.50  7.0549E+001
 505.00  6.9959E+001
 505.50  6.9390E+001
 506.00  6.8815E+001
 506.50  6.8197E+001
 507.00  6.7518E+001
 507.50  6.6788E+001
 508.00  6.5988E+001
 508.50  6.5116E+001
 509.00  6.4144E+001
 509.50  6.3058E+001
 510.00  6.1860E+001
 510.50  6.0580E+001
 511.00  5.9227E+001
 511.50  5.7866E+001
 512.00  5.6522E+001
 512.50  5.5236E+001
 513.00  5.4019E+001
 513.50  5.2969E+001
 514.00  5.2093E+001
 514.50  5.1421E+001
 515.00  5.0975E+001
 515.50  5.0748E+001
 516.00  5.0748E+001
 516.50  5.0936E+001
 517.00  5.1254E+001
 517.50  5.1617E+001
 518.00  5.2005E+001
 518.50  5.2394E+001
 519.00  5.2768E+001
 519.50  5.3095E+001
 520.00  5.3335E+001
 520.50  5.3443E+001
 521.00  5.3365E+001
 521.50  5.3046E+001
 522.00  5.2501E+001
 522.50  5.1688E+001
 523.00  5.0612E+001
 523.50  4.9330E+001
 524.00  4.7931E+001
 524.50  4.6533E+001
 525.00  4.5216E+001
 525.50  4.3997E+001
 526.00  4.2952E+001
 526.50  4.1994E+001
 527.00  4.1085E+001
 527.50  4.0227E+001
 528.00  3.9375E+001
 528.50  3.8533E+001
 529.00  3.7745E+001
 529.50  3.7041E+001
 530.00  3.6436E+001
 530.50  3.5962E+001
 531.00  3.5619E+001
 531.50  3.5366E+001
 532.00  3.5192E+001
 532.50  3.5113E+001
 533.00  3.5130E+001
 533.50  3.5247E+001
 534.00  3.5493E+001
 534.50  3.5939E+001
 535.00  3.6663E+001
 535.50  3.7732E+001
 536.00  3.9153E+001
 536.50  4.0836E+001
 537.00  4.2702E+001
 537.50  4.4666E+001
 538.00  4.6651E+001
 538.50  4.8608E+001
 539.00  5.0556E+001
 539.50  5.2514E+001
 540.00  5.4436E+001
 540.50  5.6337E+001
 541.00  5.8220E+001
 541.50  5.9999E+001
 542.00  6.1644E+001
 542.50  6.3176E+001
 543.00  6.4603E+001
 543.50  6.5981E+001
 544.00  6.7458E+001
 544.50  6.8896E+001
 545.00  7.0245E+001
 545.50  7.1485E+001
 546.00  7.2589E+001
 546.50  7.3560E+001
 547.00  7.4458E+001
 547.50  7.5281E+001
 548.00  7.6003E+001
 548.50  7.6607E+001
 549.00  7.7080E+001
 549.50  7.7466E+001
 550.00  7.7799E+001
 550.50  7.8094E+001
 551.00  7.8345E+001
 551.50  7.8598E+001
 552.00  7.8865E+001
 552.50  7.9085E+001
 553.00  7.9270E+001
 553.50  7.9428E+001
 554.00  7.9507E+001
 554.50  7.9537E+001
 555.00  7.9560E+001
 555.50  7.9543E+001
 556.00  7.9472E+001
 556.50  7.9371E+001
 557.00  7.9264E+001
 557.50  7.9134E+001
 558.00  7.9002E+001
 558.50  7.8889E+001
 559.00  7.8706E+001
 559.50  7.8485E+001
 560.00  7.8228E+001
 560.50  7.7921E+001
 561.00  7.7568E+001
 561.50  7.7188E+001
 562.00  7.6760E+001
 562.50  7.6258E+001
 563.00  7.5698E+001
 563.50  7.5081E+001
 564.00  7.4353E+001
 564.50  7.3495E+001
 565.00  7.2452E+001
 565.50  7.1189E+001
 566.00  6.9684E+001
 566.50  6.7885E+001
 567.00  6.5572E+001
 567.50  6.2677E+001
 568.00  5.9155E+001
 568.50  5.4935E+001
 569.00  5.0233E+001
 569.50  4.5445E+001
 570.00  4.0652E+001
 570.50  3.6073E+001
 571.00  3.1835E+001
 571.50  2.7987E+001
 572.00  2.4566E+001
 572.50  2.1586E+001
 573.00  1.9030E+001
 573.50  1.6894E+001
 574.00  1.5138E+001
 574.50  1.3701E+001
 575.00  1.2506E+001
 575.50  1.1505E+001
 576.00  1.0653E+001
 576.50  9.9254E+000
 577.00  9.3202E+000
 577.50  8.8513E+000
 578.00  8.5080E+000
 578.50  8.3064E+000
 579.00  8.2220E+000
 579.50  8.2126E+000
 580.00  8.2798E+000
 580.50  8.3587E+000
 581.00  8.3985E+000
 581.50  8.3731E+000
 582.00  8.2451E+000
 582.50  8.0159E+000
 583.00  7.7024E+000
 583.50  7.3339E+000
 584.00  6.9455E+000
 584.50  6.5586E+000
 585.00  6.2027E+000
 585.50  5.9053E+000
 586.00  5.6567E+000
 586.50  5.4588E+000
 587.00  5.3278E+000
 587.50  5.2324E+000
 588.00  5.2128E+000
 588.50  5.2707E+000
 589.00  5.3998E+000
 589.50  5.5919E+000
 590.00  5.8598E+000
 590.50  6.1322E+000
 591.00  6.4263E+000
 591.50  6.7139E+000
 592.00  6.9825E+000
 592.50  7.2771E+000
 593.00  7.6113E+000
 593.50  7.9830E+000
 594.00  8.4594E+000
 594.50  9.0376E+000
 595.00  9.7375E+000
 595.50  1.0594E+001
 596.00  1.1641E+001
 596.50  1.2877E+001
 597.00  1.4275E+001
 597.50  1.5792E+001
 598.00  1.7386E+001
 598.50  1.9008E+001
 599.00  2.0665E+001
 599.50  2.2333E+001
 600.00  2.4016E+001
 600.50  2.5724E+001
 601.00  2.7429E+001
 601.50  2.9151E+001
 602.00  3.0897E+001
 602.50  3.2644E+001
 603.00  3.4433E+001
 603.50  3.6264E+001
 604.00  3.8083E+001
 604.50  3.9936E+001
 605.00  4.1794E+001
 605.50  4.3585E+001
 606.00  4.5304E+001
 606.50  4.6945E+001
 607.00  4.8476E+001
 607.50  4.9876E+001
 608.00  5.1152E+001
 608.50  5.2296E+001
 609.00  5.3269E+001
 609.50  5.4132E+001
 610.00  5.4937E+001
 610.50  5.5681E+001
 611.00  5.6409E+001
 611.50  5.7170E+001
 612.00  5.7954E+001
 612.50  5.8808E+001
 613.00  5.9786E+001
 613.50  6.0875E+001
 614.00  6.2089E+001
 614.50  6.3415E+001
 615.00  6.4874E+001
 615.50  6.6499E+001
 616.00  6.8231E+001
 616.50  6.9970E+001
 617.00  7.1627E+001
 617.50  7.3111E+001
 618.00  7.4393E+001
 618.50  7.5492E+001
 619.00  7.6482E+001
 619.50  7.7416E+001
 620.00  7.8267E+001
 620.50  7.9066E+001
 621.00  7.9770E+001
 621.50  8.0325E+001
 622.00  8.0734E+001
 622.50  8.1007E+001
 623.00  8.1143E+001
 623.50  8.1220E+001
 624.00  8.1303E+001
 624.50  8.1403E+001
 625.00  8.1551E+001
 625.50  8.1739E+001
 626.00  8.1932E+001
 626.50  8.2073E+001
 627.00  8.2139E+001
 627.50  8.2148E+001
 628.00  8.2151E+001
 628.50  8.2152E+001
 629.00  8.2165E+001
 629.50  8.2230E+001
 630.00  8.2325E+001
 630.50  8.2447E+001
 631.00  8.2595E+001
 631.50  8.2730E+001
 632.00  8.2821E+001
 632.50  8.2889E+001
 633.00  8.2943E+001
 633.50  8.3013E+001
 634.00  8.3105E+001
 634.50  8.3228E+001
 635.00  8.3391E+001
 635.50  8.3549E+001
 636.00  8.3729E+001
 636.50  8.3955E+001
 637.00  8.4167E+001
 637.50  8.4375E+001
 638.00  8.4605E+001
 638.50  8.4850E+001
 639.00  8.5094E+001
 639.50  8.5299E+001
 640.00  8.5453E+001
 640.50  8.5536E+001
 641.00  8.5537E+001
 641.50  8.5511E+001
 642.00  8.5500E+001
 642.50  8.5493E+001
 643.00  8.5514E+001
 643.50  8.5504E+001
 644.00  8.5456E+001
 644.50  8.5393E+001
 645.00  8.5326E+001
 645.50  8.5274E+001
 646.00  8.5256E+001
 646.50  8.5275E+001
 647.00  8.5332E+001
 647.50  8.5426E+001
 648.00  8.5555E+001
 648.50  8.5705E+001
 649.00  8.5851E+001
 649.50  8.5993E+001
 650.00  8.6107E+001
 650.50  8.6183E+001
 651.00  8.6237E+001
 651.50  8.6239E+001
 652.00  8.6192E+001
 652.50  8.6133E+001
 653.00  8.6061E+001
 653.50  8.5986E+001
 654.00  8.5999E+001
 654.50  8.6098E+001
 655.00  8.6230E+001
 655.50  8.6400E+001
 656.00  8.6534E+001
 656.50  8.6609E+001
 657.00  8.6636E+001
 657.50  8.6649E+001
 658.00  8.6647E+001
 658.50  8.6605E+001
 659.00  8.6525E+001
 659.50  8.6431E+001
 660.00  8.6288E+001
 660.50  8.6167E+001
 661.00  8.6075E+001
 661.50  8.6007E+001
 662.00  8.5912E+001
 662.50  8.5799E+001
 663.00  8.5706E+001
 663.50  8.5627E+001
 664.00  8.5555E+001
 664.50  8.5492E+001
 665.00  8.5419E+001
 665.50  8.5290E+001
 666.00  8.5140E+001
 666.50  8.5024E+001
 667.00  8.4930E+001
 667.50  8.4876E+001
 668.00  8.4838E+001
 668.50  8.4751E+001
 669.00  8.4645E+001
 669.50  8.4508E+001
 670.00  8.4309E+001
 670.50  8.4074E+001
 671.00  8.3849E+001
 671.50  8.3609E+001
 672.00  8.3351E+001
 672.50  8.3123E+001
 673.00  8.2954E+001
 673.50  8.2793E+001
 674.00  8.2642E+001
 674.50  8.2518E+001
 675.00  8.2392E+001
 675.50  8.2255E+001
 676.00  8.2091E+001
 676.50  8.1891E+001
 677.00  8.1695E+001
 677.50  8.1419E+001
 678.00  8.1101E+001
 678.50  8.0795E+001
 679.00  8.0451E+001
 679.50  8.0062E+001
 680.00  7.9623E+001
 680.50  7.9136E+001
 681.00  7.8649E+001
 681.50  7.8161E+001
 682.00  7.7694E+001
 682.50  7.7249E+001
 683.00  7.6783E+001
 683.50  7.6303E+001
 684.00  7.5859E+001
 684.50  7.5458E+001
 685.00  7.5121E+001
 685.50  7.4853E+001
 686.00  7.4613E+001
 686.50  7.4429E+001
 687.00  7.4359E+001
 687.50  7.4428E+001
 688.00  7.4661E+001
 688.50  7.4995E+001
 689.00  7.5410E+001
 689.50  7.5884E+001
 690.00  7.6422E+001
 690.50  7.6897E+001
 691.00  7.7368E+001
 691.50  7.7808E+001
 692.00  7.8180E+001
 692.50  7.8509E+001
 693.00  7.8863E+001
 693.50  7.9230E+001
 694.00  7.9598E+001
 694.50  7.9980E+001
 695.00  8.0356E+001
 695.50  8.0746E+001
 696.00  8.1169E+001
 696.50  8.1594E+001
 697.00  8.1957E+001
 697.50  8.2314E+001
 698.00  8.2624E+001
 698.50  8.2847E+001
 699.00  8.3067E+001
 699.50  8.3296E+001
 700.00  8.3516E+001
 700.50  8.3777E+001
 701.00  8.4063E+001
 701.50  8.4281E+001
 702.00  8.4450E+001
 702.50  8.4539E+001
 703.00  8.4577E+001
 703.50  8.4572E+001
 704.00  8.4590E+001
 704.50  8.4613E+001
 705.00  8.4615E+001
 705.50  8.4606E+001
 706.00  8.4561E+001
 706.50  8.4461E+001
 707.00  8.4360E+001
 707.50  8.4244E+001
 708.00  8.4151E+001
 708.50  8.4085E+001
 709.00  8.4036E+001
 709.50  8.3965E+001
 710.00  8.3938E+001
 710.50  8.3884E+001
 711.00  8.3823E+001
 711.50  8.3771E+001
 712.00  8.3727E+001
 712.50  8.3681E+001
 713.00  8.3643E+001
 713.50  8.3595E+001
 714.00  8.3499E+001
 714.50  8.3327E+001
 715.00  8.3148E+001
 715.50  8.2982E+001
 716.00  8.2880E+001
 716.50  8.2845E+001
 717.00  8.2837E+001
 717.50  8.2807E+001
 718.00  8.2777E+001
 718.50  8.2710E+001
 719.00  8.2551E+001
 719.50  8.2296E+001
 720.00  8.2013E+001
 720.50  8.1727E+001
 721.00  8.1452E+001
 721.50  8.1247E+001
 722.00  8.1079E+001
 722.50  8.0801E+001
 723.00  8.0478E+001
 723.50  8.0125E+001
 724.00  7.9693E+001
 724.50  7.9249E+001
 725.00  7.8797E+001
 725.50  7.8271E+001
 726.00  7.7703E+001
 726.50  7.7084E+001
 727.00  7.6456E+001
 727.50  7.5839E+001
 728.00  7.5148E+001
 728.50  7.4411E+001
 729.00  7.3555E+001
 729.50  7.2473E+001
 730.00  7.1197E+001
 730.50  6.9766E+001
 731.00  6.8138E+001
 731.50  6.6354E+001
 732.00  6.4410E+001
 732.50  6.2252E+001
 733.00  5.9848E+001
 733.50  5.7225E+001
 734.00  5.4424E+001
 734.50  5.1448E+001
 735.00  4.8467E+001
 735.50  4.5508E+001
 736.00  4.2607E+001
 736.50  3.9825E+001
 737.00  3.7201E+001
 737.50  3.4731E+001
 738.00  3.2516E+001
 738.50  3.0570E+001
 739.00  2.8888E+001
 739.50  2.7442E+001
 740.00  2.6205E+001
 740.50  2.5123E+001
 741.00  2.4142E+001
 741.50  2.3342E+001
 742.00  2.2726E+001
 742.50  2.2264E+001
 743.00  2.1971E+001
 743.50  2.1813E+001
 744.00  2.1711E+001
 744.50  2.1660E+001
 745.00  2.1630E+001
 745.50  2.1602E+001
 746.00  2.1552E+001
 746.50  2.1500E+001
 747.00  2.1450E+001
 747.50  2.1385E+001
 748.00  2.1345E+001
 748.50  2.1370E+001
 749.00  2.1387E+001
 749.50  2.1504E+001
 750.00  2.1759E+001
 750.50  2.2108E+001
 751.00  2.2551E+001
 751.50  2.3128E+001
 752.00  2.3832E+001
 752.50  2.4615E+001
 753.00  2.5501E+001
 753.50  2.6507E+001
 754.00  2.7618E+001
 754.50  2.8817E+001
 755.00  3.0153E+001
 755.50  3.1555E+001
 756.00  3.3061E+001
 756.50  3.4554E+001
 757.00  3.6103E+001
 757.50  3.7621E+001
 758.00  3.9121E+001
 758.50  4.0573E+001
 759.00  4.2000E+001
 759.50  4.3432E+001
 760.00  4.4867E+001
 760.50  4.6262E+001
 761.00  4.7654E+001
 761.50  4.8986E+001
 762.00  5.0232E+001
 762.50  5.1422E+001
 763.00  5.2600E+001
 763.50  5.3751E+001
 764.00  5.4895E+001
 764.50  5.6022E+001
 765.00  5.7121E+001
 765.50  5.8191E+001
 766.00  5.9193E+001
 766.50  6.0132E+001
 767.00  6.1025E+001
 767.50  6.1885E+001
 768.00  6.2719E+001
 768.50  6.3557E+001
 769.00  6.4386E+001
 769.50  6.5166E+001
 770.00  6.5929E+001
 770.50  6.6631E+001
 771.00  6.7234E+001
 771.50  6.7743E+001
 772.00  6.8222E+001
 772.50  6.8619E+001
 773.00  6.8977E+001
 773.50  6.9313E+001
 774.00  6.9640E+001
 774.50  6.9967E+001
 775.00  7.0294E+001
 775.50  7.0596E+001
 776.00  7.0844E+001
 776.50  7.0976E+001
 777.00  7.1005E+001
 777.50  7.0939E+001
 778.00  7.0785E+001
 778.50  7.0665E+001
 779.00  7.0524E+001
 779.50  7.0333E+001
 780.00  7.0108E+001
 780.50  6.9779E+001
 781.00  6.9288E+001
 781.50  6.8669E+001
 782.00  6.7973E+001
 782.50  6.7267E+001
 783.00  6.6507E+001
 783.50  6.5802E+001
 784.00  6.5072E+001
 784.50  6.4263E+001
 785.00  6.3366E+001
 785.50  6.2378E+001
 786.00  6.1248E+001
 786.50  6.0014E+001
 787.00  5.8704E+001
 787.50  5.7346E+001
 788.00  5.5956E+001
 788.50  5.4606E+001
 789.00  5.3323E+001
 789.50  5.2013E+001
 790.00  5.0730E+001
 790.50  4.9567E+001
 791.00  4.8399E+001
 791.50  4.7246E+001
 792.00  4.6148E+001
 792.50  4.5027E+001
 793.00  4.3739E+001
 793.50  4.2500E+001
 794.00  4.1240E+001
 794.50  4.0113E+001
 795.00  3.9114E+001
 795.50  3.8182E+001
 796.00  3.7324E+001
 796.50  3.6561E+001
 797.00  3.5814E+001
 797.50  3.5046E+001
 798.00  3.4226E+001
 798.50  3.3477E+001
 799.00  3.2648E+001
 799.50  3.1833E+001
 800.00  3.1196E+001
 800.50  3.0706E+001
 801.00  3.0112E+001
 801.50  2.9674E+001
 802.00  2.9210E+001
 802.50  2.8625E+001
 803.00  2.7984E+001
 803.50  2.7333E+001
 804.00  2.6533E+001
 804.50  2.5805E+001
 805.00  2.5177E+001
 805.50  2.4502E+001
 806.00  2.3928E+001
 806.50  2.3375E+001
 807.00  2.2852E+001
 807.50  2.2420E+001
 808.00  2.2161E+001
 808.50  2.2120E+001
 809.00  2.2163E+001
 809.50  2.2330E+001
 810.00  2.2534E+001
 810.50  2.2624E+001
 811.00  2.2714E+001
 811.50  2.2985E+001
 812.00  2.3422E+001
 812.50  2.4136E+001
 813.00  2.5263E+001
 813.50  2.6612E+001
 814.00  2.7986E+001
 814.50  2.9439E+001
 815.00  3.0961E+001
 815.50  3.2431E+001
 816.00  3.3971E+001
 816.50  3.5659E+001
 817.00  3.7205E+001
 817.50  3.8555E+001
 818.00  3.9795E+001
 818.50  4.0927E+001
 819.00  4.1878E+001
 819.50  4.2875E+001
 820.00  4.3884E+001
 820.50  4.4954E+001
 821.00  4.6150E+001
 821.50  4.7408E+001
 822.00  4.8768E+001
 822.50  5.0207E+001
 823.00  5.1560E+001
 823.50  5.2810E+001
 824.00  5.4061E+001
 824.50  5.5344E+001
 825.00  5.6296E+001
 825.50  5.7256E+001
 826.00  5.8276E+001
 826.50  5.9161E+001
 827.00  5.9905E+001
 827.50  6.0809E+001
 828.00  6.1695E+001
 828.50  6.2513E+001
 829.00  6.3348E+001
 829.50  6.4071E+001
 830.00  6.4621E+001
 830.50  6.5243E+001
 831.00  6.5937E+001
 831.50  6.6619E+001
 832.00  6.7404E+001
 832.50  6.8127E+001
 833.00  6.8785E+001
 833.50  6.9457E+001
 834.00  7.0001E+001
 834.50  7.0711E+001
 835.00  7.1623E+001
 835.50  7.2469E+001
 836.00  7.3272E+001
 836.50  7.4216E+001
 837.00  7.5036E+001
 837.50  7.5527E+001
 838.00  7.5971E+001
 838.50  7.6363E+001
 839.00  7.6653E+001
 839.50  7.6998E+001
 840.00  7.7488E+001
 840.50  7.7828E+001
 841.00  7.8226E+001
 841.50  7.8528E+001
 842.00  7.8755E+001
 842.50  7.9027E+001
 843.00  7.9160E+001
 843.50  7.9133E+001
 844.00  7.9186E+001
 844.50  7.9330E+001
 845.00  7.9552E+001
 845.50  7.9824E+001
 846.00  8.0022E+001
 846.50  8.0046E+001
 847.00  7.9866E+001
 847.50  7.9734E+001
 848.00  7.9763E+001
 848.50  7.9964E+001
 849.00  8.0077E+001
 849.50  8.0327E+001
 850.00  8.0522E+001
 850.50  8.0623E+001
 851.00  8.0540E+001
 851.50  8.0419E+001
 852.00  8.0081E+001
 852.50  7.9483E+001
 853.00  7.8948E+001
 853.50  7.8404E+001
 854.00  7.7844E+001
 854.50  7.7480E+001
 855.00  7.7241E+001
 855.50  7.7007E+001
 856.00  7.6826E+001
 856.50  7.6833E+001
 857.00  7.6864E+001
 857.50  7.7011E+001
 858.00  7.6797E+001
 858.50  7.6245E+001
 859.00  7.5453E+001
 859.50  7.4340E+001
 860.00  7.2955E+001
 860.50  7.1970E+001
 861.00  7.1266E+001
 861.50  7.0555E+001
 862.00  6.9960E+001
 862.50  6.9561E+001
 863.00  6.9095E+001
 863.50  6.8490E+001
 864.00  6.7867E+001
 864.50  6.7283E+001
 865.00  6.6688E+001
 865.50  6.6160E+001
 866.00  6.5506E+001
 866.50  6.4968E+001
 867.00  6.4422E+001
 867.50  6.3527E+001
 868.00  6.2668E+001
 868.50  6.1828E+001
 869.00  6.0901E+001
 869.50  6.0088E+001
 870.00  5.9437E+001
 870.50  5.8820E+001
 871.00  5.8292E+001
 871.50  5.7924E+001
 872.00  5.7488E+001
 872.50  5.6982E+001
 873.00  5.6677E+001
 873.50  5.6526E+001
 874.00  5.6122E+001
 874.50  5.5564E+001
 875.00  5.4957E+001
 875.50  5.4035E+001
 876.00  5.2856E+001
 876.50  5.2131E+001
 877.00  5.1401E+001
 877.50  5.0590E+001
 878.00  4.9781E+001
 878.50  4.8898E+001
 879.00  4.8029E+001
 879.50  4.7480E+001
 880.00  4.6980E+001
 880.50  4.6604E+001
 881.00  4.6465E+001
 881.50  4.6390E+001
 882.00  4.6289E+001
 882.50  4.6543E+001
 883.00  4.7171E+001
 883.50  4.7870E+001
 884.00  4.8986E+001
 884.50  5.0449E+001
 885.00  5.1796E+001
 885.50  5.2943E+001
 886.00  5.3816E+001
 886.50  5.4273E+001
 887.00  5.4344E+001
 887.50  5.4534E+001
 888.00  5.4896E+001
 888.50  5.5602E+001
 889.00  5.6601E+001
 889.50  5.7795E+001
 890.00  5.8858E+001
 890.50  5.9813E+001
 891.00  6.0662E+001
 891.50  6.1387E+001
 892.00  6.2086E+001
 892.50  6.2936E+001
 893.00  6.3776E+001
 893.50  6.4319E+001
 894.00  6.4842E+001
 894.50  6.5704E+001
 895.00  6.6226E+001
 895.50  6.6693E+001
 896.00  6.7648E+001
 896.50  6.8662E+001
 897.00  6.9594E+001
 897.50  7.0426E+001
 898.00  7.1147E+001
 898.50  7.1745E+001
 899.00  7.2032E+001
 899.50  7.2193E+001
 900.00  7.2487E+001
 900.50  7.2772E+001
 901.00  7.3106E+001
 901.50  7.3342E+001
 902.00  7.3514E+001
 902.50  7.4013E+001
 903.00  7.4551E+001
 903.50  7.5239E+001
 904.00  7.6056E+001
 904.50  7.6713E+001
 905.00  7.6988E+001
 905.50  7.6908E+001
 906.00  7.7038E+001
 906.50  7.7311E+001
 907.00  7.7768E+001
 907.50  7.8535E+001
 908.00  7.9492E+001
 908.50  8.0329E+001
 909.00  8.1323E+001
 909.50  8.2302E+001
 910.00  8.3188E+001
 910.50  8.3867E+001
 911.00  8.4198E+001
 911.50  8.4083E+001
 912.00  8.3599E+001
 912.50  8.3111E+001
 913.00  8.2672E+001
 913.50  8.2229E+001
 914.00  8.1896E+001
 914.50  8.1598E+001
 915.00  8.1170E+001
 915.50  8.0908E+001
 916.00  8.0985E+001
 916.50  8.1342E+001
 917.00  8.1696E+001
 917.50  8.1907E+001
 918.00  8.2049E+001
 918.50  8.2037E+001
 919.00  8.1976E+001
 919.50  8.2045E+001
 920.00  8.2337E+001
 920.50  8.2749E+001
 921.00  8.2986E+001
 921.50  8.3193E+001
 922.00  8.3315E+001
 922.50  8.3056E+001
 923.00  8.2614E+001
 923.50  8.2383E+001
 924.00  8.2324E+001
 924.50  8.2300E+001
 925.00  8.2572E+001
 925.50  8.2873E+001
 926.00  8.3262E+001
 926.50  8.3469E+001
 927.00  8.3608E+001
 927.50  8.3883E+001
 928.00  8.3929E+001
 928.50  8.4048E+001
 929.00  8.4331E+001
 929.50  8.4463E+001
 930.00  8.4725E+001
 930.50  8.5331E+001
 931.00  8.5831E+001
 931.50  8.6241E+001
 932.00  8.6540E+001
 932.50  8.6796E+001
 933.00  8.6908E+001
 933.50  8.7112E+001
 934.00  8.7198E+001
 934.50  8.7317E+001
 935.00  8.7285E+001
 935.50  8.7178E+001
 936.00  8.6900E+001
 936.50  8.6403E+001
 937.00  8.5984E+001
 937.50  8.5578E+001
 938.00  8.5261E+001
 938.50  8.5060E+001
 939.00  8.5352E+001
 939.50  8.5514E+001
 940.00  8.5878E+001
 940.50  8.6531E+001
 941.00  8.7145E+001
 941.50  8.8009E+001
 942.00  8.8991E+001
 942.50  8.9453E+001
 943.00  8.9757E+001
 943.50  9.0104E+001
 944.00  9.0038E+001
 944.50  8.9268E+001
 945.00  8.8478E+001
 945.50  8.7647E+001
 946.00  8.7406E+001
 946.50  8.7033E+001
 947.00  8.6808E+001
 947.50  8.6636E+001
 948.00  8.7044E+001
 948.50  8.7371E+001
 949.00  8.8080E+001
 949.50  8.8910E+001
 950.00  8.9575E+001
 950.50  8.9773E+001
 951.00  8.9694E+001
 951.50  8.9449E+001
 952.00  8.8947E+001
 952.50  8.8253E+001
 953.00  8.7268E+001
 953.50  8.6320E+001
 954.00  8.5819E+001
 954.50  8.5861E+001
 955.00  8.5906E+001
 955.50  8.5472E+001
 956.00  8.4776E+001
 956.50  8.3616E+001
 957.00  8.2481E+001
 957.50  8.1642E+001
 958.00  8.1602E+001
 958.50  8.2548E+001
 959.00  8.4007E+001
 959.50  8.5506E+001
 960.00  8.6929E+001
 960.50  8.8676E+001
 961.00  8.9318E+001
 961.50  8.9728E+001
 962.00  9.0113E+001
 962.50  8.9643E+001
 963.00  8.8528E+001
 963.50  8.7898E+001
 964.00  8.7350E+001
 964.50  8.6790E+001
 965.00  8.6185E+001
 965.50  8.5731E+001
 966.00  8.4104E+001
 966.50  8.2324E+001
 967.00  8.1450E+001
 967.50  8.0097E+001
 968.00  7.9669E+001
 968.50  7.9864E+001
 969.00  7.9294E+001
 969.50  7.8565E+001
 970.00  7.8424E+001
 970.50  7.8229E+001
 971.00  7.8264E+001
 971.50  7.7621E+001
 972.00  7.6275E+001
 972.50  7.4918E+001
 973.00  7.3619E+001
 973.50  7.2790E+001
 974.00  7.3154E+001
 974.50  7.4337E+001
 975.00  7.5196E+001
 975.50  7.5333E+001
 976.00  7.5908E+001
 976.50  7.5318E+001
 977.00  7.5088E+001
 977.50  7.4987E+001
 978.00  7.5589E+001
 978.50  7.5723E+001
 979.00  7.6796E+001
 979.50  7.6147E+001
 980.00  7.5051E+001
 980.50  7.4179E+001
 981.00  7.3364E+001
 981.50  7.2593E+001
 982.00  7.3051E+001
 982.50  7.4749E+001
 983.00  7.6210E+001
 983.50  7.7974E+001
 984.00  7.9559E+001
 984.50  8.0679E+001
 985.00  8.0950E+001
 985.50  8.0612E+001
 986.00  8.0157E+001
 986.50  7.9590E+001
 987.00  7.8523E+001
 987.50  7.7325E+001
 988.00  7.6469E+001
 988.50  7.5888E+001
 989.00  7.5792E+001
 989.50  7.5631E+001
 990.00  7.6815E+001
 990.50  7.7874E+001
 991.00  7.8609E+001
 991.50  7.8912E+001
 992.00  8.0124E+001
 992.50  8.0411E+001
 993.00  8.0905E+001
 993.50  8.1245E+001
 994.00  8.1342E+001
 994.50  8.1226E+001
 995.00  8.0345E+001
 995.50  7.8275E+001
 996.00  7.6150E+001
 996.50  7.4014E+001
 997.00  7.1844E+001
 997.50  7.0848E+001
 998.00  7.1337E+001
 998.50  7.2599E+001
 999.00  7.4710E+001
 999.50  7.5932E+001
1000.00  7.6605E+001
1000.50  7.6998E+001
1001.00  7.6577E+001
1001.50  7.5391E+001
1002.00  7.5116E+001
1002.50  7.6089E+001
1003.00  7.7901E+001
1003.50  7.9432E+001
1004.00  8.1533E+001
1004.50  8.4110E+001
1005.00  8.6484E+001
1005.50  8.7533E+001
1006.00  8.9496E+001
1006.50  9.1565E+001
1007.00  9.2097E+001
1007.50  9.1441E+001
1008.00  9.0970E+001
1008.50  8.9289E+001
1009.00  8.7420E+001
1009.50  8.5703E+001
1010.00  8.3809E+001
1010.50  8.2218E+001
1011.00  8.0709E+001
1011.50  7.9513E+001
1012.00  7.8678E+001
1012.50  7.8235E+001
1013.00  7.8371E+001
1013.50  7.8308E+001
1014.00  7.8745E+001
1014.50  7.9856E+001
1015.00  7.9844E+001
1015.50  8.0613E+001
1016.00  8.2253E+001
1016.50  8.1680E+001
1017.00  8.1208E+001
1017.50  8.1176E+001
1018.00  7.9948E+001
1018.50  7.9524E+001
1019.00  7.9762E+001
1019.50  8.0098E+001
1020.00  8.0183E+001
1020.50  8.0079E+001
1021.00  7.8580E+001
1021.50  7.6869E+001
1022.00  7.5084E+001
1022.50  7.2667E+001
1023.00  7.0401E+001
1023.50  6.9755E+001
1024.00  6.9043E+001
1024.50  6.8826E+001
1025.00  6.9111E+001
1025.50  6.9295E+001
1026.00  6.8882E+001
1026.50  6.9520E+001
1027.00  7.0514E+001
1027.50  7.2722E+001
1028.00  7.4497E+001
1028.50  7.6826E+001
1029.00  7.8301E+001
1029.50  7.8387E+001
1030.00  7.8123E+001
1030.50  7.8229E+001
1031.00  7.8215E+001
1031.50  7.8174E+001
1032.00  7.8461E+001
1032.50  7.8671E+001
1033.00  7.8810E+001
1033.50  7.7988E+001
1034.00  7.6999E+001
1034.50  7.6569E+001
1035.00  7.7043E+001
1035.50  7.8265E+001
1036.00  7.9724E+001
1036.50  8.0426E+001
1037.00  7.9655E+001
1037.50  7.8531E+001
1038.00  7.7285E+001
1038.50  7.6943E+001
1039.00  7.8366E+001
1039.50  8.1932E+001
1040.00  8.4606E+001
1040.50  8.7074E+001
1041.00  8.7640E+001
1041.50  8.7884E+001
1042.00  8.6237E+001
1042.50  8.5004E+001
1043.00  8.6112E+001
1043.50  8.6676E+001
1044.00  8.6141E+001
1044.50  8.5763E+001
1045.00  8.4388E+001
1045.50  8.1441E+001
1046.00  7.9995E+001
1046.50  7.8332E+001
1047.00  7.7521E+001
1047.50  7.6601E+001
1048.00  7.4197E+001
1048.50  7.1336E+001
1049.00  6.8976E+001
1049.50  6.6374E+001
1050.00  6.4604E+001
1050.50  6.4716E+001
1051.00  6.5318E+001
1051.50  6.5199E+001
1052.00  6.6389E+001
1052.50  6.7262E+001
1053.00  6.8805E+001
1053.50  6.9184E+001
1054.00  7.1008E+001
1054.50  7.2246E+001
1055.00  7.5358E+001
1055.50  7.6367E+001
1056.00  7.8949E+001
1056.50  7.7696E+001
1057.00  7.5174E+001
1057.50  7.0710E+001
1058.00  6.7439E+001
1058.50  6.5740E+001
1059.00  6.4471E+001
1059.50  6.4959E+001
1060.00  6.6364E+001
1060.50  6.8212E+001
1061.00  6.9999E+001
1061.50  7.1687E+001
1062.00  7.1951E+001
1062.50  7.1154E+001
1063.00  6.9576E+001
1063.50  6.7703E+001
1064.00  6.6422E+001
1064.50  6.6509E+001
1065.00  6.7034E+001
1065.50  6.7290E+001
1066.00  6.6558E+001
1066.50  6.5998E+001
1067.00  6.5017E+001
1067.50  6.5519E+001
1068.00  6.6890E+001
1068.50  6.9204E+001
1069.00  7.1766E+001
1069.50  7.2835E+001
1070.00  7.2146E+001
1070.50  7.0895E+001
1071.00  7.0262E+001
1071.50  6.7918E+001
1072.00  6.7736E+001
1072.50  6.6980E+001
1073.00  6.7105E+001
1073.50  6.8436E+001
1074.00  6.8025E+001
1074.50  6.8087E+001
1075.00  6.9023E+001
1075.50  6.7652E+001
1076.00  6.5162E+001
1076.50  6.4889E+001
1077.00  6.5276E+001
1077.50  6.5237E+001
1078.00  6.5019E+001
1078.50  6.4876E+001
1079.00  6.4458E+001
1079.50  6.2804E+001
1080.00  6.1014E+001
1080.50  6.0560E+001
1081.00  6.0125E+001
1081.50  6.0634E+001
1082.00  6.1586E+001
1082.50  6.2018E+001
1083.00  6.3050E+001
1083.50  6.5631E+001
1084.00  6.7151E+001
1084.50  6.7628E+001
1085.00  6.7561E+001
1085.50  6.6764E+001
1086.00  6.5110E+001
1086.50  6.3264E+001
1087.00  6.4247E+001
1087.50  6.5104E+001
1088.00  6.5372E+001
1088.50  6.6044E+001
1089.00  6.4368E+001
1089.50  6.2079E+001
1090.00  6.0888E+001
1090.50  5.9473E+001
1091.00  5.8721E+001
1091.50  5.9902E+001
1092.00  6.2374E+001
1092.50  6.6546E+001
1093.00  7.1131E+001
1093.50  7.4748E+001
1094.00  7.7906E+001
1094.50  7.9555E+001
1095.00  8.0908E+001
1095.50  8.2172E+001
1096.00  8.1627E+001
1096.50  8.1017E+001
1097.00  8.0121E+001
1097.50  7.7022E+001
1098.00  7.5313E+001
1098.50  7.4951E+001
1099.00  7.5869E+001
1099.50  7.3840E+001
1100.00  7.2849E+001
1100.50  7.2255E+001
1101.00  7.0789E+001
1101.50  6.8948E+001
1102.00  7.0755E+001
1102.50  7.3420E+001
1103.00  7.5162E+001
1103.50  7.7970E+001
1104.00  7.9551E+001
1104.50  7.9229E+001
1105.00  7.7166E+001
1105.50  7.5997E+001
1106.00  7.6675E+001
1106.50  7.6853E+001
1107.00  7.8002E+001
1107.50  7.7891E+001
1108.00  7.7396E+001
1108.50  7.6000E+001
1109.00  7.5857E+001
1109.50  7.6227E+001
1110.00  7.6108E+001
1110.50  7.6058E+001
1111.00  7.7750E+001
1111.50  8.5078E+001
1112.00  9.0218E+001
1112.50  3.4625E+001
