 183.00  1.0000E-003
 183.50  1.0000E-003
 184.00  1.0000E-003
 184.50  1.0000E-003
 185.00  1.0000E-003
 185.50  1.0000E-003
 186.00  1.0000E-003
 186.50  1.0000E-003
 187.00  1.0000E-003
 187.50  1.0000E-003
 188.00  1.0000E-003
 188.50  1.0000E-003
 189.00  2.5280E+001
 189.50  -4.4418E+000
 190.00  2.2804E+001
 190.50  3.4109E+001
 191.00  4.7489E+001
 191.50  5.0209E+001
 192.00  5.9297E+001
 192.50  6.8363E+001
 193.00  7.4544E+001
 193.50  7.6922E+001
 194.00  7.7308E+001
 194.50  7.7257E+001
 195.00  7.9744E+001
 195.50  7.8171E+001
 196.00  7.9413E+001
 196.50  7.8005E+001
 197.00  7.7974E+001
 197.50  7.9675E+001
 198.00  7.5526E+001
 198.50  6.9708E+001
 199.00  5.6811E+001
 199.50  4.3682E+001
 200.00  3.9898E+001
 200.50  3.7445E+001
 201.00  3.8960E+001
 201.50  4.0406E+001
 202.00  4.2625E+001
 202.50  3.8926E+001
 203.00  3.6283E+001
 203.50  3.7502E+001
 204.00  3.7573E+001
 204.50  3.7487E+001
 205.00  3.9048E+001
 205.50  3.4931E+001
 206.00  3.3088E+001
 206.50  3.3312E+001
 207.00  3.4519E+001
 207.50  3.4996E+001
 208.00  3.3196E+001
 208.50  3.0351E+001
 209.00  2.6974E+001
 209.50  2.7181E+001
 210.00  2.7440E+001
 210.50  3.0525E+001
 211.00  3.2477E+001
 211.50  3.3111E+001
 212.00  3.3871E+001
 212.50  3.5701E+001
 213.00  3.8593E+001
 213.50  4.0909E+001
 214.00  4.1328E+001
 214.50  3.9904E+001
 215.00  3.8475E+001
 215.50  3.7572E+001
 216.00  3.6866E+001
 216.50  3.5745E+001
 217.00  3.4687E+001
 217.50  3.2834E+001
 218.00  3.0864E+001
 218.50  3.4666E+001
 219.00  3.8211E+001
 219.50  4.0093E+001
 220.00  4.2516E+001
 220.50  4.2643E+001
 221.00  4.0584E+001
 221.50  4.2137E+001
 222.00  4.4599E+001
 222.50  4.7161E+001
 223.00  4.9095E+001
 223.50  4.8812E+001
 224.00  4.9235E+001
 224.50  4.6791E+001
 225.00  4.8796E+001
 225.50  4.8088E+001
 226.00  4.6692E+001
 226.50  4.6755E+001
 227.00  4.7352E+001
 227.50  5.0718E+001
 228.00  5.4206E+001
 228.50  5.7008E+001
 229.00  5.7759E+001
 229.50  5.9468E+001
 230.00  6.2343E+001
 230.50  6.1523E+001
 231.00  6.1068E+001
 231.50  5.8017E+001
 232.00  5.3921E+001
 232.50  5.5861E+001
 233.00  5.4246E+001
 233.50  5.3160E+001
 234.00  5.1832E+001
 234.50  4.6097E+001
 235.00  4.2601E+001
 235.50  4.1609E+001
 236.00  4.0808E+001
 236.50  4.2541E+001
 237.00  4.3482E+001
 237.50  4.0390E+001
 238.00  3.7205E+001
 238.50  3.3446E+001
 239.00  2.7821E+001
 239.50  2.8510E+001
 240.00  2.9815E+001
 240.50  3.2470E+001
 241.00  3.3146E+001
 241.50  2.6781E+001
 242.00  2.4677E+001
 242.50  1.9300E+001
 243.00  2.2542E+001
 243.50  2.7752E+001
 244.00  2.7439E+001
 244.50  2.8438E+001
 245.00  2.4316E+001
 245.50  2.0186E+001
 246.00  1.9567E+001
 246.50  2.0204E+001
 247.00  1.9593E+001
 247.50  2.0976E+001
 248.00  2.1986E+001
 248.50  2.2883E+001
 249.00  2.3788E+001
 249.50  2.3152E+001
 250.00  2.1378E+001
 250.50  2.0782E+001
 251.00  2.0989E+001
 251.50  2.4298E+001
 252.00  2.7455E+001
 252.50  2.5216E+001
 253.00  2.5860E+001
 253.50  3.0644E+001
 254.00  3.6625E+001
 254.50  4.5185E+001
 255.00  5.3231E+001
 255.50  5.3810E+001
 256.00  5.2936E+001
 256.50  4.8441E+001
 257.00  4.1973E+001
 257.50  3.5950E+001
 258.00  3.0428E+001
 258.50  2.9075E+001
 259.00  3.0044E+001
 259.50  3.4551E+001
 260.00  3.6162E+001
 260.50  3.6221E+001
 261.00  3.9543E+001
 261.50  4.1814E+001
 262.00  4.6851E+001
 262.50  5.1772E+001
 263.00  5.4528E+001
 263.50  5.4812E+001
 264.00  5.2748E+001
 264.50  4.8727E+001
 265.00  4.4065E+001
 265.50  3.9116E+001
 266.00  3.6684E+001
 266.50  3.4332E+001
 267.00  3.5486E+001
 267.50  3.5244E+001
 268.00  3.5201E+001
 268.50  3.7177E+001
 269.00  3.7557E+001
 269.50  3.9426E+001
 270.00  4.2244E+001
 270.50  4.3916E+001
 271.00  4.6695E+001
 271.50  4.6637E+001
 272.00  4.7590E+001
 272.50  4.7143E+001
 273.00  4.6190E+001
 273.50  4.8718E+001
 274.00  5.1364E+001
 274.50  5.3245E+001
 275.00  5.7840E+001
 275.50  6.2909E+001
 276.00  6.3139E+001
 276.50  6.6402E+001
 277.00  6.3541E+001
 277.50  6.0950E+001
 278.00  5.9808E+001
 278.50  5.5625E+001
 279.00  5.8238E+001
 279.50  5.7681E+001
 280.00  5.9988E+001
 280.50  6.7162E+001
 281.00  6.9895E+001
 281.50  6.6394E+001
 282.00  6.2284E+001
 282.50  5.5004E+001
 283.00  4.7003E+001
 283.50  4.7862E+001
 284.00  5.0659E+001
 284.50  5.0325E+001
 285.00  5.0490E+001
 285.50  4.6050E+001
 286.00  3.5424E+001
 286.50  2.9070E+001
 287.00  2.3899E+001
 287.50  2.0748E+001
 288.00  2.4232E+001
 288.50  2.4523E+001
 289.00  2.2842E+001
 289.50  2.0975E+001
 290.00  2.1159E+001
 290.50  2.3925E+001
 291.00  2.8588E+001
 291.50  3.5281E+001
 292.00  3.8687E+001
 292.50  3.8124E+001
 293.00  3.7283E+001
 293.50  3.5131E+001
 294.00  3.4906E+001
 294.50  3.8036E+001
 295.00  3.8385E+001
 295.50  3.8553E+001
 296.00  3.8454E+001
 296.50  3.7118E+001
 297.00  3.5425E+001
 297.50  3.5508E+001
 298.00  3.4758E+001
 298.50  3.4957E+001
 299.00  3.5836E+001
 299.50  3.6919E+001
 300.00  3.7028E+001
 300.50  3.4103E+001
 301.00  3.0365E+001
 301.50  2.5674E+001
 302.00  2.3239E+001
 302.50  2.3925E+001
 303.00  2.3701E+001
 303.50  2.6950E+001
 304.00  2.6594E+001
 304.50  2.5955E+001
 305.00  2.6686E+001
 305.50  2.7610E+001
 306.00  3.0554E+001
 306.50  3.3230E+001
 307.00  3.5172E+001
 307.50  3.5738E+001
 308.00  3.4518E+001
 308.50  3.3165E+001
 309.00  3.1598E+001
 309.50  2.9384E+001
 310.00  2.8520E+001
 310.50  2.5668E+001
 311.00  2.3157E+001
 311.50  2.0604E+001
 312.00  1.9892E+001
 312.50  2.0882E+001
 313.00  2.0874E+001
 313.50  2.1825E+001
 314.00  2.4150E+001
 314.50  2.4389E+001
 315.00  2.7088E+001
 315.50  2.8911E+001
 316.00  2.6184E+001
 316.50  2.0026E+001
 317.00  1.4431E+001
 317.50  7.2619E+000
 318.00  5.4308E+000
 318.50  8.0812E+000
 319.00  1.0252E+001
 319.50  1.2179E+001
 320.00  1.7412E+001
 320.50  1.7767E+001
 321.00  1.7476E+001
 321.50  1.8604E+001
 322.00  1.8622E+001
 322.50  1.9987E+001
 323.00  2.4349E+001
 323.50  2.8314E+001
 324.00  3.1409E+001
 324.50  3.3793E+001
 325.00  3.4632E+001
 325.50  3.5758E+001
 326.00  3.5998E+001
 326.50  3.5378E+001
 327.00  3.5129E+001
 327.50  3.5777E+001
 328.00  3.4908E+001
 328.50  3.2827E+001
 329.00  3.2103E+001
 329.50  2.7133E+001
 330.00  2.3701E+001
 330.50  2.0773E+001
 331.00  1.8740E+001
 331.50  1.8460E+001
 332.00  1.8249E+001
 332.50  1.8960E+001
 333.00  2.1269E+001
 333.50  2.3398E+001
 334.00  2.5597E+001
 334.50  2.7349E+001
 335.00  2.6635E+001
 335.50  2.4850E+001
 336.00  2.3683E+001
 336.50  2.2404E+001
 337.00  2.1529E+001
 337.50  2.1396E+001
 338.00  2.0925E+001
 338.50  2.1225E+001
 339.00  2.1991E+001
 339.50  2.1929E+001
 340.00  2.2391E+001
 340.50  2.2193E+001
 341.00  2.1684E+001
 341.50  2.0961E+001
 342.00  1.9695E+001
 342.50  1.8661E+001
 343.00  1.8576E+001
 343.50  1.9251E+001
 344.00  2.0194E+001
 344.50  2.1357E+001
 345.00  2.1424E+001
 345.50  2.0521E+001
 346.00  2.0531E+001
 346.50  1.9557E+001
 347.00  1.9452E+001
 347.50  2.0379E+001
 348.00  2.1837E+001
 348.50  2.3674E+001
 349.00  2.4338E+001
 349.50  2.4405E+001
 350.00  2.3460E+001
 350.50  2.2660E+001
 351.00  2.2543E+001
 351.50  2.3123E+001
 352.00  2.4112E+001
 352.50  2.5183E+001
 353.00  2.5725E+001
 353.50  2.5884E+001
 354.00  2.5916E+001
 354.50  2.6385E+001
 355.00  2.6646E+001
 355.50  2.7771E+001
 356.00  2.8555E+001
 356.50  2.7953E+001
 357.00  2.8178E+001
 357.50  2.7204E+001
 358.00  2.6867E+001
 358.50  2.7243E+001
 359.00  2.6891E+001
 359.50  2.7567E+001
 360.00  2.7697E+001
 360.50  2.7092E+001
 361.00  2.6193E+001
 361.50  2.5281E+001
 362.00  2.4154E+001
 362.50  2.3643E+001
 363.00  2.4291E+001
 363.50  2.4526E+001
 364.00  2.4160E+001
 364.50  2.3599E+001
 365.00  2.2610E+001
 365.50  2.1352E+001
 366.00  2.1014E+001
 366.50  2.1352E+001
 367.00  2.1063E+001
 367.50  2.0638E+001
 368.00  2.0337E+001
 368.50  1.9479E+001
 369.00  1.8736E+001
 369.50  1.8529E+001
 370.00  1.8030E+001
 370.50  1.8145E+001
 371.00  1.8320E+001
 371.50  1.8435E+001
 372.00  1.8892E+001
 372.50  1.9436E+001
 373.00  1.9860E+001
 373.50  2.0447E+001
 374.00  2.0551E+001
 374.50  2.0563E+001
 375.00  2.0245E+001
 375.50  2.0171E+001
 376.00  2.0635E+001
 376.50  2.1233E+001
 377.00  2.1986E+001
 377.50  2.2783E+001
 378.00  2.2982E+001
 378.50  2.2896E+001
 379.00  2.2944E+001
 379.50  2.2974E+001
 380.00  2.3061E+001
 380.50  2.3436E+001
 381.00  2.3657E+001
 381.50  2.3809E+001
 382.00  2.3978E+001
 382.50  2.4034E+001
 383.00  2.4241E+001
 383.50  2.4448E+001
 384.00  2.4497E+001
 384.50  2.4762E+001
 385.00  2.4616E+001
 385.50  2.4463E+001
 386.00  2.4335E+001
 386.50  2.4121E+001
 387.00  2.3997E+001
 387.50  2.3713E+001
 388.00  2.3602E+001
 388.50  2.3494E+001
 389.00  2.3493E+001
 389.50  2.3568E+001
 390.00  2.3608E+001
 390.50  2.3643E+001
 391.00  2.3732E+001
 391.50  2.3928E+001
 392.00  2.4312E+001
 392.50  2.4695E+001
 393.00  2.4984E+001
 393.50  2.5221E+001
 394.00  2.5272E+001
 394.50  2.5120E+001
 395.00  2.5196E+001
 395.50  2.5196E+001
 396.00  2.5162E+001
 396.50  2.5359E+001
 397.00  2.5626E+001
 397.50  2.5748E+001
 398.00  2.5902E+001
 398.50  2.6042E+001
 399.00  2.5916E+001
 399.50  2.5903E+001
 400.00  2.5974E+001
 400.50  2.6195E+001
 401.00  2.6329E+001
 401.50  2.6537E+001
 402.00  2.6823E+001
 402.50  2.6915E+001
 403.00  2.7016E+001
 403.50  2.7210E+001
 404.00  2.7236E+001
 404.50  2.7207E+001
 405.00  2.7219E+001
 405.50  2.7279E+001
 406.00  2.7423E+001
 406.50  2.7573E+001
 407.00  2.7687E+001
 407.50  2.7777E+001
 408.00  2.7773E+001
 408.50  2.7734E+001
 409.00  2.7662E+001
 409.50  2.7579E+001
 410.00  2.7461E+001
 410.50  2.7449E+001
 411.00  2.7618E+001
 411.50  2.7944E+001
 412.00  2.8292E+001
 412.50  2.8571E+001
 413.00  2.8650E+001
 413.50  2.8531E+001
 414.00  2.8384E+001
 414.50  2.8304E+001
 415.00  2.8286E+001
 415.50  2.8440E+001
 416.00  2.8605E+001
 416.50  2.8615E+001
 417.00  2.8574E+001
 417.50  2.8537E+001
 418.00  2.8413E+001
 418.50  2.8448E+001
 419.00  2.8590E+001
 419.50  2.8683E+001
 420.00  2.8753E+001
 420.50  2.8821E+001
 421.00  2.8826E+001
 421.50  2.8915E+001
 422.00  2.9027E+001
 422.50  2.9085E+001
 423.00  2.9038E+001
 423.50  2.8989E+001
 424.00  2.8909E+001
 424.50  2.8814E+001
 425.00  2.8788E+001
 425.50  2.8784E+001
 426.00  2.8786E+001
 426.50  2.8815E+001
 427.00  2.8900E+001
 427.50  2.9031E+001
 428.00  2.9184E+001
 428.50  2.9339E+001
 429.00  2.9506E+001
 429.50  2.9684E+001
 430.00  2.9755E+001
 430.50  2.9791E+001
 431.00  2.9807E+001
 431.50  2.9803E+001
 432.00  2.9861E+001
 432.50  2.9886E+001
 433.00  2.9978E+001
 433.50  3.0028E+001
 434.00  3.0005E+001
 434.50  2.9991E+001
 435.00  2.9994E+001
 435.50  3.0017E+001
 436.00  3.0042E+001
 436.50  3.0117E+001
 437.00  3.0221E+001
 437.50  3.0257E+001
 438.00  3.0240E+001
 438.50  3.0186E+001
 439.00  3.0108E+001
 439.50  3.0037E+001
 440.00  2.9930E+001
 440.50  2.9885E+001
 441.00  2.9776E+001
 441.50  2.9711E+001
 442.00  2.9681E+001
 442.50  2.9676E+001
 443.00  2.9715E+001
 443.50  2.9723E+001
 444.00  2.9667E+001
 444.50  2.9651E+001
 445.00  2.9681E+001
 445.50  2.9656E+001
 446.00  2.9651E+001
 446.50  2.9604E+001
 447.00  2.9549E+001
 447.50  2.9530E+001
 448.00  2.9577E+001
 448.50  2.9664E+001
 449.00  2.9714E+001
 449.50  2.9707E+001
 450.00  2.9688E+001
 450.50  2.9671E+001
 451.00  2.9704E+001
 451.50  2.9769E+001
 452.00  2.9824E+001
 452.50  2.9895E+001
 453.00  2.9934E+001
 453.50  2.9985E+001
 454.00  3.0077E+001
 454.50  3.0154E+001
 455.00  3.0209E+001
 455.50  3.0272E+001
 456.00  3.0284E+001
 456.50  3.0293E+001
 457.00  3.0361E+001
 457.50  3.0423E+001
 458.00  3.0463E+001
 458.50  3.0500E+001
 459.00  3.0505E+001
 459.50  3.0475E+001
 460.00  3.0479E+001
 460.50  3.0490E+001
 461.00  3.0499E+001
 461.50  3.0464E+001
 462.00  3.0433E+001
 462.50  3.0398E+001
 463.00  3.0367E+001
 463.50  3.0394E+001
 464.00  3.0429E+001
 464.50  3.0451E+001
 465.00  3.0425E+001
 465.50  3.0453E+001
 466.00  3.0454E+001
 466.50  3.0513E+001
 467.00  3.0624E+001
 467.50  3.0741E+001
 468.00  3.0828E+001
 468.50  3.0886E+001
 469.00  3.0933E+001
 469.50  3.0947E+001
 470.00  3.0931E+001
 470.50  3.0949E+001
 471.00  3.0961E+001
 471.50  3.0935E+001
 472.00  3.0914E+001
 472.50  3.0888E+001
 473.00  3.0810E+001
 473.50  3.0713E+001
 474.00  3.0612E+001
 474.50  3.0561E+001
 475.00  3.0575E+001
 475.50  3.0618E+001
 476.00  3.0706E+001
 476.50  3.0768E+001
 477.00  3.0763E+001
 477.50  3.0785E+001
 478.00  3.0789E+001
 478.50  3.0807E+001
 479.00  3.0879E+001
 479.50  3.0905E+001
 480.00  3.0918E+001
 480.50  3.0921E+001
 481.00  3.0907E+001
 481.50  3.0954E+001
 482.00  3.1019E+001
 482.50  3.1091E+001
 483.00  3.1172E+001
 483.50  3.1191E+001
 484.00  3.1174E+001
 484.50  3.1124E+001
 485.00  3.1061E+001
 485.50  3.1018E+001
 486.00  3.0983E+001
 486.50  3.0977E+001
 487.00  3.0926E+001
 487.50  3.0859E+001
 488.00  3.0828E+001
 488.50  3.0783E+001
 489.00  3.0760E+001
 489.50  3.0795E+001
 490.00  3.0808E+001
 490.50  3.0796E+001
 491.00  3.0807E+001
 491.50  3.0818E+001
 492.00  3.0815E+001
 492.50  3.0837E+001
 493.00  3.0835E+001
 493.50  3.0800E+001
 494.00  3.0774E+001
 494.50  3.0726E+001
 495.00  3.0650E+001
 495.50  3.0607E+001
 496.00  3.0564E+001
 496.50  3.0521E+001
 497.00  3.0487E+001
 497.50  3.0483E+001
 498.00  3.0489E+001
 498.50  3.0502E+001
 499.00  3.0484E+001
 499.50  3.0513E+001
 500.00  3.0544E+001
 500.50  3.0586E+001
 501.00  3.0639E+001
 501.50  3.0683E+001
 502.00  3.0704E+001
 502.50  3.0716E+001
 503.00  3.0755E+001
 503.50  3.0789E+001
 504.00  3.0793E+001
 504.50  3.0804E+001
 505.00  3.0804E+001
 505.50  3.0780E+001
 506.00  3.0754E+001
 506.50  3.0727E+001
 507.00  3.0675E+001
 507.50  3.0635E+001
 508.00  3.0587E+001
 508.50  3.0572E+001
 509.00  3.0535E+001
 509.50  3.0495E+001
 510.00  3.0471E+001
 510.50  3.0457E+001
 511.00  3.0424E+001
 511.50  3.0401E+001
 512.00  3.0395E+001
 512.50  3.0363E+001
 513.00  3.0333E+001
 513.50  3.0325E+001
 514.00  3.0312E+001
 514.50  3.0289E+001
 515.00  3.0265E+001
 515.50  3.0253E+001
 516.00  3.0243E+001
 516.50  3.0222E+001
 517.00  3.0201E+001
 517.50  3.0177E+001
 518.00  3.0149E+001
 518.50  3.0113E+001
 519.00  3.0080E+001
 519.50  3.0033E+001
 520.00  2.9968E+001
 520.50  2.9899E+001
 521.00  2.9819E+001
 521.50  2.9759E+001
 522.00  2.9734E+001
 522.50  2.9722E+001
 523.00  2.9728E+001
 523.50  2.9746E+001
 524.00  2.9744E+001
 524.50  2.9764E+001
 525.00  2.9829E+001
 525.50  2.9884E+001
 526.00  2.9923E+001
 526.50  2.9950E+001
 527.00  2.9924E+001
 527.50  2.9885E+001
 528.00  2.9853E+001
 528.50  2.9851E+001
 529.00  2.9874E+001
 529.50  2.9898E+001
 530.00  2.9914E+001
 530.50  2.9901E+001
 531.00  2.9867E+001
 531.50  2.9815E+001
 532.00  2.9754E+001
 532.50  2.9693E+001
 533.00  2.9638E+001
 533.50  2.9595E+001
 534.00  2.9550E+001
 534.50  2.9516E+001
 535.00  2.9507E+001
 535.50  2.9490E+001
 536.00  2.9468E+001
 536.50  2.9450E+001
 537.00  2.9435E+001
 537.50  2.9417E+001
 538.00  2.9402E+001
 538.50  2.9380E+001
 539.00  2.9367E+001
 539.50  2.9362E+001
 540.00  2.9356E+001
 540.50  2.9347E+001
 541.00  2.9354E+001
 541.50  2.9350E+001
 542.00  2.9350E+001
 542.50  2.9357E+001
 543.00  2.9338E+001
 543.50  2.9286E+001
 544.00  2.9217E+001
 544.50  2.9125E+001
 545.00  2.9018E+001
 545.50  2.8918E+001
 546.00  2.8837E+001
 546.50  2.8765E+001
 547.00  2.8711E+001
 547.50  2.8693E+001
 548.00  2.8692E+001
 548.50  2.8692E+001
 549.00  2.8680E+001
 549.50  2.8655E+001
 550.00  2.8623E+001
 550.50  2.8583E+001
 551.00  2.8554E+001
 551.50  2.8544E+001
 552.00  2.8540E+001
 552.50  2.8555E+001
 553.00  2.8549E+001
 553.50  2.8529E+001
 554.00  2.8497E+001
 554.50  2.8443E+001
 555.00  2.8373E+001
 555.50  2.8319E+001
 556.00  2.8283E+001
 556.50  2.8261E+001
 557.00  2.8245E+001
 557.50  2.8243E+001
 558.00  2.8247E+001
 558.50  2.8227E+001
 559.00  2.8194E+001
 559.50  2.8152E+001
 560.00  2.8109E+001
 560.50  2.8071E+001
 561.00  2.8051E+001
 561.50  2.8054E+001
 562.00  2.8068E+001
 562.50  2.8070E+001
 563.00  2.8068E+001
 563.50  2.8034E+001
 564.00  2.7980E+001
 564.50  2.7905E+001
 565.00  2.7814E+001
 565.50  2.7749E+001
 566.00  2.7723E+001
 566.50  2.7715E+001
 567.00  2.7746E+001
 567.50  2.7774E+001
 568.00  2.7771E+001
 568.50  2.7752E+001
 569.00  2.7710E+001
 569.50  2.7637E+001
 570.00  2.7559E+001
 570.50  2.7464E+001
 571.00  2.7362E+001
 571.50  2.7285E+001
 572.00  2.7240E+001
 572.50  2.7224E+001
 573.00  2.7235E+001
 573.50  2.7260E+001
 574.00  2.7287E+001
 574.50  2.7315E+001
 575.00  2.7346E+001
 575.50  2.7371E+001
 576.00  2.7382E+001
 576.50  2.7371E+001
 577.00  2.7336E+001
 577.50  2.7293E+001
 578.00  2.7237E+001
 578.50  2.7180E+001
 579.00  2.7150E+001
 579.50  2.7143E+001
 580.00  2.7159E+001
 580.50  2.7182E+001
 581.00  2.7185E+001
 581.50  2.7160E+001
 582.00  2.7120E+001
 582.50  2.7074E+001
 583.00  2.7028E+001
 583.50  2.7014E+001
 584.00  2.7001E+001
 584.50  2.6982E+001
 585.00  2.6979E+001
 585.50  2.6982E+001
 586.00  2.6977E+001
 586.50  2.6983E+001
 587.00  2.6997E+001
 587.50  2.7000E+001
 588.00  2.7005E+001
 588.50  2.7005E+001
 589.00  2.6979E+001
 589.50  2.6954E+001
 590.00  2.6938E+001
 590.50  2.6908E+001
 591.00  2.6881E+001
 591.50  2.6831E+001
 592.00  2.6752E+001
 592.50  2.6691E+001
 593.00  2.6659E+001
 593.50  2.6634E+001
 594.00  2.6635E+001
 594.50  2.6621E+001
 595.00  2.6584E+001
 595.50  2.6531E+001
 596.00  2.6491E+001
 596.50  2.6470E+001
 597.00  2.6460E+001
 597.50  2.6445E+001
 598.00  2.6425E+001
 598.50  2.6397E+001
 599.00  2.6371E+001
 599.50  2.6359E+001
 600.00  2.6370E+001
 600.50  2.6398E+001
 601.00  2.6437E+001
 601.50  2.6470E+001
 602.00  2.6495E+001
 602.50  2.6518E+001
 603.00  2.6522E+001
 603.50  2.6516E+001
 604.00  2.6497E+001
 604.50  2.6468E+001
 605.00  2.6446E+001
 605.50  2.6448E+001
 606.00  2.6462E+001
 606.50  2.6477E+001
 607.00  2.6471E+001
 607.50  2.6453E+001
 608.00  2.6444E+001
 608.50  2.6442E+001
 609.00  2.6451E+001
 609.50  2.6467E+001
 610.00  2.6458E+001
 610.50  2.6427E+001
 611.00  2.6402E+001
 611.50  2.6392E+001
 612.00  2.6392E+001
 612.50  2.6404E+001
 613.00  2.6425E+001
 613.50  2.6429E+001
 614.00  2.6433E+001
 614.50  2.6442E+001
 615.00  2.6424E+001
 615.50  2.6400E+001
 616.00  2.6382E+001
 616.50  2.6353E+001
 617.00  2.6296E+001
 617.50  2.6244E+001
 618.00  2.6199E+001
 618.50  2.6167E+001
 619.00  2.6164E+001
 619.50  2.6200E+001
 620.00  2.6239E+001
 620.50  2.6295E+001
 621.00  2.6340E+001
 621.50  2.6388E+001
 622.00  2.6426E+001
 622.50  2.6441E+001
 623.00  2.6444E+001
 623.50  2.6450E+001
 624.00  2.6456E+001
 624.50  2.6465E+001
 625.00  2.6467E+001
 625.50  2.6457E+001
 626.00  2.6434E+001
 626.50  2.6421E+001
 627.00  2.6426E+001
 627.50  2.6433E+001
 628.00  2.6426E+001
 628.50  2.6402E+001
 629.00  2.6379E+001
 629.50  2.6357E+001
 630.00  2.6350E+001
 630.50  2.6361E+001
 631.00  2.6383E+001
 631.50  2.6381E+001
 632.00  2.6394E+001
 632.50  2.6408E+001
 633.00  2.6410E+001
 633.50  2.6413E+001
 634.00  2.6431E+001
 634.50  2.6461E+001
 635.00  2.6496E+001
 635.50  2.6542E+001
 636.00  2.6572E+001
 636.50  2.6582E+001
 637.00  2.6616E+001
 637.50  2.6632E+001
 638.00  2.6636E+001
 638.50  2.6639E+001
 639.00  2.6654E+001
 639.50  2.6684E+001
 640.00  2.6744E+001
 640.50  2.6831E+001
 641.00  2.6895E+001
 641.50  2.6922E+001
 642.00  2.6941E+001
 642.50  2.6945E+001
 643.00  2.6964E+001
 643.50  2.6996E+001
 644.00  2.7020E+001
 644.50  2.7035E+001
 645.00  2.7022E+001
 645.50  2.6998E+001
 646.00  2.6976E+001
 646.50  2.6947E+001
 647.00  2.6944E+001
 647.50  2.6938E+001
 648.00  2.6928E+001
 648.50  2.6945E+001
 649.00  2.6994E+001
 649.50  2.7046E+001
 650.00  2.7110E+001
 650.50  2.7131E+001
 651.00  2.7102E+001
 651.50  2.7037E+001
 652.00  2.6970E+001
 652.50  2.6943E+001
 653.00  2.6970E+001
 653.50  2.7020E+001
 654.00  2.7094E+001
 654.50  2.7174E+001
 655.00  2.7246E+001
 655.50  2.7282E+001
 656.00  2.7317E+001
 656.50  2.7345E+001
 657.00  2.7348E+001
 657.50  2.7339E+001
 658.00  2.7338E+001
 658.50  2.7344E+001
 659.00  2.7361E+001
 659.50  2.7411E+001
 660.00  2.7494E+001
 660.50  2.7558E+001
 661.00  2.7622E+001
 661.50  2.7692E+001
 662.00  2.7737E+001
 662.50  2.7786E+001
 663.00  2.7822E+001
 663.50  2.7810E+001
 664.00  2.7799E+001
 664.50  2.7772E+001
 665.00  2.7754E+001
 665.50  2.7746E+001
 666.00  2.7780E+001
 666.50  2.7793E+001
 667.00  2.7797E+001
 667.50  2.7788E+001
 668.00  2.7786E+001
 668.50  2.7802E+001
 669.00  2.7862E+001
 669.50  2.7945E+001
 670.00  2.8025E+001
 670.50  2.8088E+001
 671.00  2.8112E+001
 671.50  2.8099E+001
 672.00  2.8073E+001
 672.50  2.8040E+001
 673.00  2.8022E+001
 673.50  2.8041E+001
 674.00  2.8087E+001
 674.50  2.8147E+001
 675.00  2.8190E+001
 675.50  2.8207E+001
 676.00  2.8195E+001
 676.50  2.8150E+001
 677.00  2.8148E+001
 677.50  2.8146E+001
 678.00  2.8160E+001
 678.50  2.8169E+001
 679.00  2.8196E+001
 679.50  2.8217E+001
 680.00  2.8242E+001
 680.50  2.8279E+001
 681.00  2.8331E+001
 681.50  2.8377E+001
 682.00  2.8433E+001
 682.50  2.8495E+001
 683.00  2.8570E+001
 683.50  2.8655E+001
 684.00  2.8736E+001
 684.50  2.8762E+001
 685.00  2.8781E+001
 685.50  2.8799E+001
 686.00  2.8779E+001
 686.50  2.8761E+001
 687.00  2.8782E+001
 687.50  2.8796E+001
 688.00  2.8807E+001
 688.50  2.8834E+001
 689.00  2.8858E+001
 689.50  2.8846E+001
 690.00  2.8837E+001
 690.50  2.8841E+001
 691.00  2.8892E+001
 691.50  2.8976E+001
 692.00  2.9092E+001
 692.50  2.9211E+001
 693.00  2.9310E+001
 693.50  2.9389E+001
 694.00  2.9429E+001
 694.50  2.9441E+001
 695.00  2.9476E+001
 695.50  2.9549E+001
 696.00  2.9579E+001
 696.50  2.9632E+001
 697.00  2.9675E+001
 697.50  2.9690E+001
 698.00  2.9691E+001
 698.50  2.9704E+001
 699.00  2.9720E+001
 699.50  2.9720E+001
 700.00  2.9703E+001
 700.50  2.9670E+001
 701.00  2.9628E+001
 701.50  2.9612E+001
 702.00  2.9638E+001
 702.50  2.9691E+001
 703.00  2.9763E+001
 703.50  2.9851E+001
 704.00  2.9930E+001
 704.50  2.9986E+001
 705.00  3.0045E+001
 705.50  3.0108E+001
 706.00  3.0168E+001
 706.50  3.0219E+001
 707.00  3.0245E+001
 707.50  3.0249E+001
 708.00  3.0243E+001
 708.50  3.0264E+001
 709.00  3.0278E+001
 709.50  3.0272E+001
 710.00  3.0302E+001
 710.50  3.0322E+001
 711.00  3.0323E+001
 711.50  3.0369E+001
 712.00  3.0452E+001
 712.50  3.0536E+001
 713.00  3.0625E+001
 713.50  3.0690E+001
 714.00  3.0713E+001
 714.50  3.0710E+001
 715.00  3.0721E+001
 715.50  3.0703E+001
 716.00  3.0690E+001
 716.50  3.0702E+001
 717.00  3.0730E+001
 717.50  3.0773E+001
 718.00  3.0881E+001
 718.50  3.1022E+001
 719.00  3.1147E+001
 719.50  3.1259E+001
 720.00  3.1358E+001
 720.50  3.1441E+001
 721.00  3.1536E+001
 721.50  3.1656E+001
 722.00  3.1746E+001
 722.50  3.1836E+001
 723.00  3.1888E+001
 723.50  3.1907E+001
 724.00  3.1896E+001
 724.50  3.1875E+001
 725.00  3.1856E+001
 725.50  3.1851E+001
 726.00  3.1849E+001
 726.50  3.1882E+001
 727.00  3.1909E+001
 727.50  3.1930E+001
 728.00  3.1926E+001
 728.50  3.1964E+001
 729.00  3.1937E+001
 729.50  3.1919E+001
 730.00  3.1881E+001
 730.50  3.1866E+001
 731.00  3.1852E+001
 731.50  3.1885E+001
 732.00  3.1948E+001
 732.50  3.2032E+001
 733.00  3.2100E+001
 733.50  3.2131E+001
 734.00  3.2172E+001
 734.50  3.2152E+001
 735.00  3.2126E+001
 735.50  3.2146E+001
 736.00  3.2228E+001
 736.50  3.2346E+001
 737.00  3.2526E+001
 737.50  3.2685E+001
 738.00  3.2783E+001
 738.50  3.2798E+001
 739.00  3.2765E+001
 739.50  3.2730E+001
 740.00  3.2713E+001
 740.50  3.2702E+001
 741.00  3.2700E+001
 741.50  3.2726E+001
 742.00  3.2780E+001
 742.50  3.2876E+001
 743.00  3.2983E+001
 743.50  3.3065E+001
 744.00  3.3076E+001
 744.50  3.3030E+001
 745.00  3.2960E+001
 745.50  3.2902E+001
 746.00  3.2857E+001
 746.50  3.2857E+001
 747.00  3.2913E+001
 747.50  3.2979E+001
 748.00  3.3034E+001
 748.50  3.3110E+001
 749.00  3.3150E+001
 749.50  3.3144E+001
 750.00  3.3149E+001
 750.50  3.3173E+001
 751.00  3.3198E+001
 751.50  3.3219E+001
 752.00  3.3251E+001
 752.50  3.3270E+001
 753.00  3.3297E+001
 753.50  3.3321E+001
 754.00  3.3346E+001
 754.50  3.3394E+001
 755.00  3.3447E+001
 755.50  3.3471E+001
 756.00  3.3562E+001
 756.50  3.3609E+001
 757.00  3.3691E+001
 757.50  3.3809E+001
 758.00  3.3911E+001
 758.50  3.3997E+001
 759.00  3.4108E+001
 759.50  3.4192E+001
 760.00  3.4248E+001
 760.50  3.4265E+001
 761.00  3.4256E+001
 761.50  3.4232E+001
 762.00  3.4190E+001
 762.50  3.4184E+001
 763.00  3.4223E+001
 763.50  3.4271E+001
 764.00  3.4275E+001
 764.50  3.4274E+001
 765.00  3.4273E+001
 765.50  3.4264E+001
 766.00  3.4256E+001
 766.50  3.4267E+001
 767.00  3.4266E+001
 767.50  3.4238E+001
 768.00  3.4170E+001
 768.50  3.4110E+001
 769.00  3.4061E+001
 769.50  3.4012E+001
 770.00  3.4036E+001
 770.50  3.4107E+001
 771.00  3.4140E+001
 771.50  3.4116E+001
 772.00  3.4066E+001
 772.50  3.3974E+001
 773.00  3.3895E+001
 773.50  3.3831E+001
 774.00  3.3819E+001
 774.50  3.3867E+001
 775.00  3.3925E+001
 775.50  3.4026E+001
 776.00  3.4190E+001
 776.50  3.4360E+001
 777.00  3.4511E+001
 777.50  3.4727E+001
 778.00  3.4830E+001
 778.50  3.4923E+001
 779.00  3.5014E+001
 779.50  3.5115E+001
 780.00  3.5194E+001
 780.50  3.5301E+001
 781.00  3.5359E+001
 781.50  3.5409E+001
 782.00  3.5457E+001
 782.50  3.5506E+001
 783.00  3.5541E+001
 783.50  3.5617E+001
 784.00  3.5690E+001
 784.50  3.5740E+001
 785.00  3.5859E+001
 785.50  3.6040E+001
 786.00  3.6235E+001
 786.50  3.6357E+001
 787.00  3.6453E+001
 787.50  3.6501E+001
 788.00  3.6570E+001
 788.50  3.6609E+001
 789.00  3.6624E+001
 789.50  3.6617E+001
 790.00  3.6663E+001
 790.50  3.6723E+001
 791.00  3.6831E+001
 791.50  3.7068E+001
 792.00  3.7381E+001
 792.50  3.7494E+001
 793.00  3.7614E+001
 793.50  3.7692E+001
 794.00  3.7551E+001
 794.50  3.7474E+001
 795.00  3.7422E+001
 795.50  3.7357E+001
 796.00  3.7268E+001
 796.50  3.7198E+001
 797.00  3.7184E+001
 797.50  3.7178E+001
 798.00  3.7083E+001
 798.50  3.7024E+001
 799.00  3.7012E+001
 799.50  3.6896E+001
 800.00  3.6872E+001
 800.50  3.6985E+001
 801.00  3.7050E+001
 801.50  3.7053E+001
 802.00  3.7001E+001
 802.50  3.6820E+001
 803.00  3.6678E+001
 803.50  3.6553E+001
 804.00  3.6401E+001
 804.50  3.6333E+001
 805.00  3.6357E+001
 805.50  3.6356E+001
 806.00  3.6263E+001
 806.50  3.6167E+001
 807.00  3.6062E+001
 807.50  3.5954E+001
 808.00  3.5888E+001
 808.50  3.5994E+001
 809.00  3.6070E+001
 809.50  3.6220E+001
 810.00  3.6359E+001
 810.50  3.6372E+001
 811.00  3.6346E+001
 811.50  3.6340E+001
 812.00  3.6311E+001
 812.50  3.6370E+001
 813.00  3.6450E+001
 813.50  3.6411E+001
 814.00  3.6397E+001
 814.50  3.6422E+001
 815.00  3.6453E+001
 815.50  3.6576E+001
 816.00  3.6784E+001
 816.50  3.6889E+001
 817.00  3.6966E+001
 817.50  3.7039E+001
 818.00  3.7100E+001
 818.50  3.7229E+001
 819.00  3.7330E+001
 819.50  3.7372E+001
 820.00  3.7473E+001
 820.50  3.7572E+001
 821.00  3.7545E+001
 821.50  3.7572E+001
 822.00  3.7643E+001
 822.50  3.7743E+001
 823.00  3.7792E+001
 823.50  3.7976E+001
 824.00  3.7900E+001
 824.50  3.7771E+001
 825.00  3.7692E+001
 825.50  3.7553E+001
 826.00  3.7478E+001
 826.50  3.7589E+001
 827.00  3.7741E+001
 827.50  3.7910E+001
 828.00  3.8193E+001
 828.50  3.8476E+001
 829.00  3.8706E+001
 829.50  3.8778E+001
 830.00  3.8811E+001
 830.50  3.8731E+001
 831.00  3.8759E+001
 831.50  3.8812E+001
 832.00  3.9080E+001
 832.50  3.9338E+001
 833.00  3.9738E+001
 833.50  4.0375E+001
 834.00  4.0999E+001
 834.50  4.1713E+001
 835.00  4.2461E+001
 835.50  4.2860E+001
 836.00  4.2791E+001
 836.50  4.2665E+001
 837.00  4.2398E+001
 837.50  4.2159E+001
 838.00  4.2100E+001
 838.50  4.2124E+001
 839.00  4.2098E+001
 839.50  4.1921E+001
 840.00  4.1737E+001
 840.50  4.1688E+001
 841.00  4.1519E+001
 841.50  4.1728E+001
 842.00  4.2011E+001
 842.50  4.2201E+001
 843.00  4.2452E+001
 843.50  4.2657E+001
 844.00  4.2751E+001
 844.50  4.2917E+001
 845.00  4.3122E+001
 845.50  4.3360E+001
 846.00  4.3545E+001
 846.50  4.3660E+001
 847.00  4.3593E+001
 847.50  4.3524E+001
 848.00  4.3593E+001
 848.50  4.3791E+001
 849.00  4.4076E+001
 849.50  4.4604E+001
 850.00  4.5035E+001
 850.50  4.5349E+001
 851.00  4.5591E+001
 851.50  4.5666E+001
 852.00  4.5629E+001
 852.50  4.5629E+001
 853.00  4.5505E+001
 853.50  4.5316E+001
 854.00  4.5128E+001
 854.50  4.4792E+001
 855.00  4.4436E+001
 855.50  4.4322E+001
 856.00  4.4201E+001
 856.50  4.4226E+001
 857.00  4.4308E+001
 857.50  4.4502E+001
 858.00  4.4510E+001
 858.50  4.4778E+001
 859.00  4.4846E+001
 859.50  4.4857E+001
 860.00  4.4949E+001
 860.50  4.5132E+001
 861.00  4.5440E+001
 861.50  4.5886E+001
 862.00  4.6361E+001
 862.50  4.6767E+001
 863.00  4.7062E+001
 863.50  4.7136E+001
 864.00  4.7087E+001
 864.50  4.7146E+001
 865.00  4.7302E+001
 865.50  4.7371E+001
 866.00  4.7609E+001
 866.50  4.7894E+001
 867.00  4.8026E+001
 867.50  4.7921E+001
 868.00  4.8496E+001
 868.50  4.8752E+001
 869.00  4.9045E+001
 869.50  4.9181E+001
 870.00  4.9195E+001
 870.50  4.9235E+001
 871.00  4.9426E+001
 871.50  4.9803E+001
 872.00  5.0398E+001
 872.50  5.1047E+001
 873.00  5.1559E+001
 873.50  5.2036E+001
 874.00  5.2448E+001
 874.50  5.2815E+001
 875.00  5.3025E+001
 875.50  5.3259E+001
 876.00  5.3471E+001
 876.50  5.3709E+001
 877.00  5.3842E+001
 877.50  5.3795E+001
 878.00  5.3464E+001
 878.50  5.3020E+001
 879.00  5.2799E+001
 879.50  5.2536E+001
 880.00  5.2432E+001
 880.50  5.2434E+001
 881.00  5.2295E+001
 881.50  5.2118E+001
 882.00  5.2161E+001
 882.50  5.2517E+001
 883.00  5.3047E+001
 883.50  5.3661E+001
 884.00  5.4441E+001
 884.50  5.5043E+001
 885.00  5.5318E+001
 885.50  5.5800E+001
 886.00  5.6177E+001
 886.50  5.6268E+001
 887.00  5.6313E+001
 887.50  5.6587E+001
 888.00  5.6554E+001
 888.50  5.6496E+001
 889.00  5.6509E+001
 889.50  5.6632E+001
 890.00  5.6684E+001
 890.50  5.6756E+001
 891.00  5.6880E+001
 891.50  5.6832E+001
 892.00  5.6774E+001
 892.50  5.6818E+001
 893.00  5.6527E+001
 893.50  5.6239E+001
 894.00  5.6250E+001
 894.50  5.5988E+001
 895.00  5.5895E+001
 895.50  5.6131E+001
 896.00  5.6192E+001
 896.50  5.5724E+001
 897.00  5.5453E+001
 897.50  5.5077E+001
 898.00  5.5055E+001
 898.50  5.5263E+001
 899.00  5.5704E+001
 899.50  5.6000E+001
 900.00  5.5954E+001
 900.50  5.5599E+001
 901.00  5.5448E+001
 901.50  5.5361E+001
 902.00  5.5356E+001
 902.50  5.5518E+001
 903.00  5.5780E+001
 903.50  5.5531E+001
 904.00  5.5400E+001
 904.50  5.5435E+001
 905.00  5.5745E+001
 905.50  5.5949E+001
 906.00  5.6245E+001
 906.50  5.6776E+001
 907.00  5.7091E+001
 907.50  5.7243E+001
 908.00  5.7497E+001
 908.50  5.7783E+001
 909.00  5.7538E+001
 909.50  5.7371E+001
 910.00  5.7502E+001
 910.50  5.7743E+001
 911.00  5.7863E+001
 911.50  5.8286E+001
 912.00  5.8634E+001
 912.50  5.8916E+001
 913.00  5.8923E+001
 913.50  5.9463E+001
 914.00  5.9888E+001
 914.50  5.9924E+001
 915.00  6.0233E+001
 915.50  6.0327E+001
 916.00  6.0184E+001
 916.50  6.0061E+001
 917.00  6.0227E+001
 917.50  6.0238E+001
 918.00  6.0595E+001
 918.50  6.0933E+001
 919.00  6.1157E+001
 919.50  6.1196E+001
 920.00  6.1213E+001
 920.50  6.1259E+001
 921.00  6.1497E+001
 921.50  6.1908E+001
 922.00  6.2287E+001
 922.50  6.2646E+001
 923.00  6.3061E+001
 923.50  6.3045E+001
 924.00  6.2987E+001
 924.50  6.2697E+001
 925.00  6.2126E+001
 925.50  6.1544E+001
 926.00  6.1016E+001
 926.50  6.0589E+001
 927.00  6.0265E+001
 927.50  6.0059E+001
 928.00  5.9928E+001
 928.50  5.9978E+001
 929.00  6.0399E+001
 929.50  6.1154E+001
 930.00  6.1934E+001
 930.50  6.2746E+001
 931.00  6.3348E+001
 931.50  6.3708E+001
 932.00  6.3578E+001
 932.50  6.3277E+001
 933.00  6.3243E+001
 933.50  6.3326E+001
 934.00  6.3102E+001
 934.50  6.3156E+001
 935.00  6.3340E+001
 935.50  6.3031E+001
 936.00  6.2836E+001
 936.50  6.2884E+001
 937.00  6.3110E+001
 937.50  6.3146E+001
 938.00  6.3527E+001
 938.50  6.3816E+001
 939.00  6.3954E+001
 939.50  6.3941E+001
 940.00  6.3725E+001
 940.50  6.3181E+001
 941.00  6.2839E+001
 941.50  6.2783E+001
 942.00  6.2624E+001
 942.50  6.2607E+001
 943.00  6.2750E+001
 943.50  6.2635E+001
 944.00  6.2414E+001
 944.50  6.2382E+001
 945.00  6.2245E+001
 945.50  6.2302E+001
 946.00  6.2513E+001
 946.50  6.2610E+001
 947.00  6.3082E+001
 947.50  6.3486E+001
 948.00  6.3498E+001
 948.50  6.3269E+001
 949.00  6.3145E+001
 949.50  6.2676E+001
 950.00  6.2344E+001
 950.50  6.2322E+001
 951.00  6.2436E+001
 951.50  6.2721E+001
 952.00  6.3292E+001
 952.50  6.3759E+001
 953.00  6.4004E+001
 953.50  6.3796E+001
 954.00  6.3601E+001
 954.50  6.3071E+001
 955.00  6.2592E+001
 955.50  6.2485E+001
 956.00  6.2294E+001
 956.50  6.1770E+001
 957.00  6.1711E+001
 957.50  6.1734E+001
 958.00  6.0606E+001
 958.50  6.0233E+001
 959.00  5.9883E+001
 959.50  5.9444E+001
 960.00  5.8925E+001
 960.50  5.8866E+001
 961.00  5.9036E+001
 961.50  5.9594E+001
 962.00  5.9600E+001
 962.50  5.9710E+001
 963.00  5.9970E+001
 963.50  5.9364E+001
 964.00  5.8841E+001
 964.50  5.8948E+001
 965.00  5.8718E+001
 965.50  5.8879E+001
 966.00  5.8655E+001
 966.50  5.7588E+001
 967.00  5.7988E+001
 967.50  5.7881E+001
 968.00  5.7462E+001
 968.50  5.6764E+001
 969.00  5.6081E+001
 969.50  5.4303E+001
 970.00  5.3604E+001
 970.50  5.3427E+001
 971.00  5.3937E+001
 971.50  5.4173E+001
 972.00  5.4425E+001
 972.50  5.4125E+001
 973.00  5.3365E+001
 973.50  5.3230E+001
 974.00  5.3425E+001
 974.50  5.3298E+001
 975.00  5.4653E+001
 975.50  5.5995E+001
 976.00  5.6054E+001
 976.50  5.5734E+001
 977.00  5.5689E+001
 977.50  5.3729E+001
 978.00  5.2532E+001
 978.50  5.2687E+001
 979.00  5.2273E+001
 979.50  5.2509E+001
 980.00  5.2862E+001
 980.50  5.3408E+001
 981.00  5.3699E+001
 981.50  5.3911E+001
 982.00  5.3363E+001
 982.50  5.4117E+001
 983.00  5.4304E+001
 983.50  5.4680E+001
 984.00  5.6713E+001
 984.50  5.8373E+001
 985.00  5.9151E+001
 985.50  5.9535E+001
 986.00  5.9407E+001
 986.50  5.8507E+001
 987.00  5.6741E+001
 987.50  5.5316E+001
 988.00  5.5307E+001
 988.50  5.5327E+001
 989.00  5.6231E+001
 989.50  5.8471E+001
 990.00  6.0818E+001
 990.50  6.1876E+001
 991.00  6.3527E+001
 991.50  6.3918E+001
 992.00  6.3089E+001
 992.50  6.2963E+001
 993.00  6.2146E+001
 993.50  6.1418E+001
 994.00  6.2600E+001
 994.50  6.3806E+001
 995.00  6.4383E+001
 995.50  6.5343E+001
 996.00  6.5259E+001
 996.50  6.3307E+001
 997.00  6.0108E+001
 997.50  5.7196E+001
 998.00  5.4954E+001
 998.50  5.3232E+001
 999.00  5.2326E+001
 999.50  5.2327E+001
1000.00  5.2749E+001
1000.50  5.3003E+001
1001.00  5.3021E+001
1001.50  5.4150E+001
1002.00  5.5820E+001
1002.50  5.6157E+001
1003.00  5.6921E+001
1003.50  5.7555E+001
1004.00  5.7621E+001
1004.50  5.7824E+001
1005.00  5.9274E+001
1005.50  6.1002E+001
1006.00  6.3282E+001
1006.50  6.4967E+001
1007.00  6.5676E+001
1007.50  6.5873E+001
1008.00  6.5342E+001
1008.50  6.4215E+001
1009.00  6.3989E+001
1009.50  6.4279E+001
1010.00  6.3633E+001
1010.50  6.2412E+001
1011.00  6.1492E+001
1011.50  6.0297E+001
1012.00  5.8943E+001
1012.50  5.9595E+001
1013.00  6.0599E+001
1013.50  6.0059E+001
1014.00  5.9522E+001
1014.50  5.8925E+001
1015.00  5.7153E+001
1015.50  5.4850E+001
1016.00  5.4578E+001
1016.50  5.3289E+001
1017.00  5.1390E+001
1017.50  5.0238E+001
1018.00  4.9383E+001
1018.50  4.8855E+001
1019.00  4.9029E+001
1019.50  4.9416E+001
1020.00  5.0274E+001
1020.50  5.1639E+001
1021.00  5.2303E+001
1021.50  5.3519E+001
1022.00  5.4079E+001
1022.50  5.3150E+001
1023.00  5.2053E+001
1023.50  5.0846E+001
1024.00  5.0697E+001
1024.50  5.1972E+001
1025.00  5.3462E+001
1025.50  5.5478E+001
1026.00  5.8123E+001
1026.50  5.8635E+001
1027.00  5.8920E+001
1027.50  5.9249E+001
1028.00  5.8581E+001
1028.50  5.7736E+001
1029.00  5.5858E+001
1029.50  5.3888E+001
1030.00  5.4385E+001
1030.50  5.4005E+001
1031.00  5.4162E+001
1031.50  5.6286E+001
1032.00  5.6794E+001
1032.50  5.6223E+001
1033.00  5.6351E+001
1033.50  5.4898E+001
1034.00  5.3209E+001
1034.50  5.2341E+001
1035.00  5.1548E+001
1035.50  5.1304E+001
1036.00  5.0931E+001
1036.50  5.0510E+001
1037.00  4.9451E+001
1037.50  4.6915E+001
1038.00  4.4972E+001
1038.50  4.2482E+001
1039.00  3.9611E+001
1039.50  3.7755E+001
1040.00  3.6475E+001
1040.50  3.6495E+001
1041.00  3.8488E+001
1041.50  3.9597E+001
1042.00  3.9870E+001
1042.50  4.1529E+001
1043.00  4.0544E+001
1043.50  3.8787E+001
1044.00  3.7788E+001
1044.50  3.7046E+001
1045.00  3.5756E+001
1045.50  3.4227E+001
1046.00  3.5244E+001
1046.50  3.5643E+001
1047.00  3.6611E+001
1047.50  3.8460E+001
1048.00  3.9973E+001
1048.50  4.0855E+001
1049.00  4.3852E+001
1049.50  4.6940E+001
1050.00  4.9769E+001
1050.50  5.2916E+001
1051.00  5.6297E+001
1051.50  5.7810E+001
1052.00  5.8057E+001
1052.50  5.7308E+001
1053.00  5.5951E+001
1053.50  5.3986E+001
1054.00  5.1746E+001
1054.50  5.0651E+001
1055.00  4.9521E+001
1055.50  4.8291E+001
1056.00  4.6073E+001
1056.50  4.6090E+001
1057.00  4.4464E+001
1057.50  4.4591E+001
1058.00  4.3839E+001
1058.50  4.5151E+001
1059.00  4.5286E+001
1059.50  4.6191E+001
1060.00  4.8533E+001
1060.50  5.1246E+001
1061.00  5.3150E+001
1061.50  5.4173E+001
1062.00  5.4414E+001
1062.50  5.4013E+001
1063.00  5.2874E+001
1063.50  5.1200E+001
1064.00  5.1086E+001
1064.50  5.0581E+001
1065.00  4.8649E+001
1065.50  4.7792E+001
1066.00  4.6775E+001
1066.50  4.5502E+001
1067.00  4.4486E+001
1067.50  4.3684E+001
1068.00  3.9925E+001
1068.50  3.7088E+001
1069.00  3.2650E+001
1069.50  2.8073E+001
1070.00  2.4344E+001
1070.50  2.4356E+001
1071.00  2.5874E+001
1071.50  2.5081E+001
1072.00  2.4003E+001
1072.50  2.3977E+001
1073.00  2.4152E+001
1073.50  2.3313E+001
1074.00  2.5683E+001
1074.50  2.8987E+001
1075.00  3.2270E+001
1075.50  3.5431E+001
1076.00  3.8065E+001
1076.50  4.1102E+001
1077.00  4.5111E+001
1077.50  4.7120E+001
1078.00  4.6333E+001
1078.50  4.6401E+001
1079.00  4.6637E+001
1079.50  4.6307E+001
1080.00  4.7269E+001
1080.50  4.8437E+001
1081.00  4.8616E+001
1081.50  4.7904E+001
1082.00  4.6128E+001
1082.50  4.5876E+001
1083.00  4.7642E+001
1083.50  4.9467E+001
1084.00  5.0477E+001
1084.50  5.0567E+001
1085.00  4.9780E+001
1085.50  4.9411E+001
1086.00  4.9437E+001
1086.50  4.9317E+001
1087.00  5.0109E+001
1087.50  4.9106E+001
1088.00  4.8484E+001
1088.50  4.8276E+001
1089.00  4.8884E+001
1089.50  4.9356E+001
1090.00  4.9360E+001
1090.50  4.8417E+001
1091.00  4.7629E+001
1091.50  4.8180E+001
1092.00  4.9740E+001
1092.50  5.1784E+001
1093.00  5.3675E+001
1093.50  5.4205E+001
1094.00  5.3036E+001
1094.50  5.0842E+001
1095.00  4.8119E+001
1095.50  4.5659E+001
1096.00  4.2656E+001
1096.50  4.0539E+001
1097.00  3.8901E+001
1097.50  3.8546E+001
1098.00  3.8365E+001
1098.50  3.9117E+001
1099.00  3.8423E+001
1099.50  3.7513E+001
1100.00  3.5003E+001
1100.50  3.2448E+001
1101.00  2.9430E+001
1101.50  2.6160E+001
1102.00  2.4739E+001
1102.50  2.3346E+001
1103.00  2.3438E+001
1103.50  2.5601E+001
1104.00  2.8231E+001
1104.50  2.7460E+001
1105.00  2.7943E+001
1105.50  2.8110E+001
1106.00  3.0404E+001
1106.50  3.4074E+001
1107.00  4.0050E+001
1107.50  4.4046E+001
1108.00  4.6693E+001
1108.50  4.7330E+001
1109.00  4.6300E+001
1109.50  4.5451E+001
1110.00  4.4030E+001
1110.50  4.4083E+001
1111.00  4.8657E+001
1111.50  8.0871E+001
1112.00  1.0419E+002
1112.50  3.9986E+001
